5.000000000E+00 5.307434552E-47
5.034693157E+00 4.966195364E-47
5.069627038E+00 4.652387193E-47
5.104803312E+00 4.363292975E-47
5.140223660E+00 4.096506668E-47
5.175889778E+00 3.849894550E-47
5.211803370E+00 3.621561591E-47
5.247966153E+00 3.409822173E-47
5.284379856E+00 3.213174609E-47
5.321046220E+00 3.030278924E-47
5.357966999E+00 2.859937477E-47
5.395143958E+00 2.701078054E-47
5.432578873E+00 2.552739109E-47
5.470273536E+00 2.414056830E-47
5.508229748E+00 2.284253855E-47
5.546449324E+00 2.162629370E-47
5.584934092E+00 2.048550450E-47
5.623685892E+00 1.941444433E-47
5.662706576E+00 1.840792253E-47
5.701998010E+00 1.746122570E-47
5.741562073E+00 1.657006596E-47
5.781400656E+00 1.573053554E-47
5.821515665E+00 1.493906668E-47
5.861909016E+00 1.419239621E-47
5.902582643E+00 1.348005622E-47
5.943538489E+00 1.280057161E-47
5.984778512E+00 1.215932513E-47
6.026304684E+00 1.155383696E-47
6.068118992E+00 1.098182035E-47
6.110223433E+00 1.044116359E-47
6.152620022E+00 9.929913708E-48
6.195310785E+00 9.446262158E-48
6.238297763E+00 8.988531853E-48
6.281583012E+00 8.555165661E-48
6.325168602E+00 8.144715998E-48
6.369056616E+00 7.755835549E-48
6.413249153E+00 7.387268846E-48
6.457748325E+00 7.037844795E-48
6.502556261E+00 6.706469824E-48
6.547675102E+00 6.392121740E-48
6.593107007E+00 6.093844204E-48
6.638854147E+00 5.810741609E-48
6.684918709E+00 5.538003688E-48
6.731302896E+00 5.279056002E-48
6.778008927E+00 5.033243305E-48
6.825039033E+00 4.799850259E-48
6.872395463E+00 4.578204343E-48
6.920080483E+00 4.367672898E-48
6.968096371E+00 4.167660455E-48
7.016445424E+00 3.977606218E-48
7.065129953E+00 3.796981760E-48
7.114152286E+00 3.625288947E-48
7.163514767E+00 3.462057971E-48
7.213219756E+00 3.306845539E-48
7.263269630E+00 3.159233250E-48
7.313666781E+00 3.018826010E-48
7.364413620E+00 2.885250626E-48
7.415512572E+00 2.758154467E-48
7.466966081E+00 2.637204229E-48
7.518776606E+00 2.522084796E-48
7.570946627E+00 2.412498147E-48
7.623478635E+00 2.308162373E-48
7.676375144E+00 2.208810748E-48
7.729638682E+00 2.114190821E-48
7.783271796E+00 2.024063638E-48
7.837277051E+00 1.938202955E-48
7.891657028E+00 1.856394517E-48
7.946414328E+00 1.778435401E-48
8.001551569E+00 1.704133369E-48
8.057071386E+00 1.633306281E-48
8.112976435E+00 1.565781535E-48
8.169269389E+00 1.501395542E-48
8.225952939E+00 1.439993231E-48
8.283029795E+00 1.381427586E-48
8.340502686E+00 1.325559201E-48
8.398374360E+00 1.272255880E-48
8.456647585E+00 1.221392238E-48
8.515325146E+00 1.172849332E-48
8.574409849E+00 1.126514323E-48
8.633904519E+00 1.082280142E-48
8.693812001E+00 1.040045186E-48
8.754135159E+00 9.997130257E-49
8.814876876E+00 9.611921268E-49
8.876040059E+00 9.243955993E-49
8.937627630E+00 8.892409385E-49
8.999642534E+00 8.556498044E-49
9.062087737E+00 8.235477991E-49
9.124966224E+00 7.928642572E-49
9.188281002E+00 7.635320533E-49
9.252035098E+00 7.354874121E-49
9.316231560E+00 7.086697403E-49
9.380873457E+00 6.830214545E-49
9.445963881E+00 6.584878267E-49
9.511505943E+00 6.350168363E-49
9.577502778E+00 6.125590289E-49
9.643957540E+00 5.910673856E-49
9.710873407E+00 5.704971954E-49
9.778253579E+00 5.508059367E-49
9.846101277E+00 5.319531656E-49
9.914419746E+00 5.139004074E-49
9.983212251E+00 4.966110598E-49
1.005248208E+01 4.804892187E-49
1.012223255E+01 4.651581823E-49
1.019246699E+01 4.504424790E-49
1.026318876E+01 4.363154169E-49
1.033440125E+01 4.227515363E-49
1.040610785E+01 4.097265481E-49
1.047831200E+01 3.972172795E-49
1.055101714E+01 3.852016176E-49
1.062422676E+01 3.736584583E-49
1.069794436E+01 3.625676582E-49
1.077217345E+01 3.519099883E-49
1.084691759E+01 3.416670899E-49
1.092218036E+01 3.318214318E-49
1.099796534E+01 3.223562725E-49
1.107427617E+01 3.132556223E-49
1.115111649E+01 3.045042055E-49
1.122848998E+01 2.960874299E-49
1.130640033E+01 2.879913510E-49
1.138485128E+01 2.802026439E-49
1.146384656E+01 2.727085736E-49
1.154338997E+01 2.654969664E-49
1.162348530E+01 2.585561851E-49
1.170413638E+01 2.518751024E-49
1.178534707E+01 2.454430786E-49
1.186712125E+01 2.392499380E-49
1.194946283E+01 2.332859483E-49
1.203237575E+01 2.275417988E-49
1.211586397E+01 2.220085831E-49
1.219993149E+01 2.166777782E-49
1.228458231E+01 2.115412285E-49
1.236982050E+01 2.065911290E-49
1.245565013E+01 2.018200084E-49
1.254207530E+01 1.972207148E-49
1.262910013E+01 1.927864011E-49
1.271672881E+01 1.885105110E-49
1.280496550E+01 1.843867659E-49
1.289381444E+01 1.804091531E-49
1.298327986E+01 1.765719128E-49
1.307336606E+01 1.728695280E-49
1.316407733E+01 1.692967125E-49
1.325541801E+01 1.658484018E-49
1.334739247E+01 1.625197425E-49
1.344000511E+01 1.593060831E-49
1.353326035E+01 1.562029655E-49
1.362716266E+01 1.532061160E-49
1.372171652E+01 1.503114378E-49
1.381692645E+01 1.475150025E-49
1.391279701E+01 1.448130437E-49
1.400933278E+01 1.422019489E-49
1.410653838E+01 1.396782539E-49
1.420441845E+01 1.372386354E-49
1.430297768E+01 1.348799058E-49
1.440222077E+01 1.325990065E-49
1.450215247E+01 1.303930033E-49
1.460277756E+01 1.282590804E-49
1.470410085E+01 1.261945354E-49
1.480612719E+01 1.241967746E-49
1.490886145E+01 1.222633085E-49
1.501230855E+01 1.203917473E-49
1.511647342E+01 1.185797964E-49
1.522136106E+01 1.168252530E-49
1.532697648E+01 1.151260014E-49
1.543332472E+01 1.134800101E-49
1.554041087E+01 1.118853280E-49
1.564824005E+01 1.103400808E-49
1.575681742E+01 1.088424682E-49
1.586614817E+01 1.073907605E-49
1.597623753E+01 1.059832959E-49
1.608709075E+01 1.046184774E-49
1.619871315E+01 1.032947705E-49
1.631111005E+01 1.020107004E-49
1.642428683E+01 1.007648495E-49
1.653824890E+01 9.955585520E-50
1.665300172E+01 9.838240743E-50
1.676855076E+01 9.724324681E-50
1.688490155E+01 9.613716234E-50
1.700205966E+01 9.506298953E-50
1.712003069E+01 9.401960844E-50
1.723882027E+01 9.300594204E-50
1.735843409E+01 9.202095422E-50
1.747887787E+01 9.106364839E-50
1.760015736E+01 9.013306575E-50
1.772227837E+01 8.922828378E-50
1.784524673E+01 8.834841483E-50
1.796906832E+01 8.749260469E-50
1.809374906E+01 8.666003129E-50
1.821929492E+01 8.584990339E-50
1.834571189E+01 8.506145938E-50
1.847300603E+01 8.429396605E-50
1.860118341E+01 8.354671756E-50
1.873025016E+01 8.281903424E-50
1.886021247E+01 8.211026169E-50
1.899107653E+01 8.141976970E-50
1.912284861E+01 8.074695130E-50
1.925553501E+01 8.009122189E-50
1.938914207E+01 7.945201832E-50
1.952367618E+01 7.882879812E-50
1.965914378E+01 7.822103864E-50
1.979555133E+01 7.762823629E-50
1.993290537E+01 7.704990579E-50
2.007121245E+01 7.648557950E-50
2.021047920E+01 7.593480673E-50
2.035071227E+01 7.539715303E-50
2.049191836E+01 7.487219965E-50
2.063410423E+01 7.435954287E-50
2.077727667E+01 7.385879346E-50
2.092144254E+01 7.336957612E-50
2.106660872E+01 7.289152896E-50
2.121278215E+01 7.242430294E-50
2.135996983E+01 7.196756144E-50
2.150817879E+01 7.152097977E-50
2.165741612E+01 7.108424471E-50
2.180768895E+01 7.065705405E-50
2.195900446E+01 7.023911628E-50
2.211136990E+01 6.983015004E-50
2.226479255E+01 6.942988385E-50
2.241927974E+01 6.903805569E-50
2.257483886E+01 6.865441268E-50
2.273147735E+01 6.827871068E-50
2.288920269E+01 6.791071405E-50
2.304802243E+01 6.755019525E-50
2.320794417E+01 6.719693459E-50
2.336897554E+01 6.685071993E-50
2.353112425E+01 6.651134638E-50
2.369439805E+01 6.617861607E-50
2.385880474E+01 6.585233786E-50
2.402435220E+01 6.553232711E-50
2.419104832E+01 6.521840543E-50
2.435890109E+01 6.491040045E-50
2.452791853E+01 6.460814563E-50
2.469810872E+01 6.431148000E-50
2.486947979E+01 6.402024800E-50
2.504203995E+01 6.373429927E-50
2.521579744E+01 6.345348843E-50
2.539076056E+01 6.317767496E-50
2.556693769E+01 6.290672298E-50
2.574433725E+01 6.264050108E-50
2.592296772E+01 6.237888221E-50
2.610283764E+01 6.212174345E-50
2.628395561E+01 6.186896594E-50
2.646633029E+01 6.162043466E-50
2.664997040E+01 6.137603835E-50
2.683488473E+01 6.113566936E-50
2.702108210E+01 6.089922351E-50
2.720857143E+01 6.066659997E-50
2.739736168E+01 6.043770115E-50
2.758746188E+01 6.021243258E-50
2.777888111E+01 5.999070283E-50
2.797162853E+01 5.977242332E-50
2.816571335E+01 5.955750834E-50
2.836114486E+01 5.934587483E-50
2.855793239E+01 5.913744239E-50
2.875608536E+01 5.893213310E-50
2.895561324E+01 5.872987151E-50
2.915652557E+01 5.853058449E-50
2.935883195E+01 5.833420120E-50
2.956254207E+01 5.814065298E-50
2.976766565E+01 5.794987329E-50
2.997421252E+01 5.776179763E-50
3.018219253E+01 5.757636347E-50
3.039161564E+01 5.739351018E-50
3.060249186E+01 5.721317899E-50
3.081483128E+01 5.703531289E-50
3.102864403E+01 5.685985658E-50
3.124394036E+01 5.668675644E-50
3.146073055E+01 5.651596045E-50
3.167902496E+01 5.634741811E-50
3.189883404E+01 5.618108045E-50
3.212016830E+01 5.601689994E-50
3.234303831E+01 5.585483044E-50
3.256745473E+01 5.569482715E-50
3.279342830E+01 5.553684661E-50
3.302096981E+01 5.538084659E-50
3.325009015E+01 5.522678610E-50
3.348080027E+01 5.507462532E-50
3.371311121E+01 5.492432558E-50
3.394703406E+01 5.477584932E-50
3.418258002E+01 5.462916002E-50
3.441976035E+01 5.448422223E-50
3.465858638E+01 5.434100147E-50
3.489906954E+01 5.419946424E-50
3.514122132E+01 5.405957799E-50
3.538505331E+01 5.392131104E-50
3.563057715E+01 5.378463261E-50
3.587780459E+01 5.364951278E-50
3.612674746E+01 5.351592241E-50
3.637741765E+01 5.338383320E-50
3.662982714E+01 5.325321758E-50
3.688398801E+01 5.312404875E-50
3.713991241E+01 5.299630063E-50
3.739761258E+01 5.286994782E-50
3.765710083E+01 5.274496562E-50
3.791838957E+01 5.262132997E-50
3.818149131E+01 5.249901744E-50
3.844641860E+01 5.237800522E-50
3.871318413E+01 5.225827111E-50
3.898180065E+01 5.213979346E-50
3.925228100E+01 5.202255121E-50
3.952463811E+01 5.190652381E-50
3.979888501E+01 5.179169126E-50
4.007503481E+01 5.167803406E-50
4.035310071E+01 5.156553319E-50
4.063309600E+01 5.145417015E-50
4.091503408E+01 5.134392685E-50
4.119892842E+01 5.123478568E-50
4.148479260E+01 5.112672948E-50
4.177264029E+01 5.101974148E-50
4.206248525E+01 5.091380534E-50
4.235434133E+01 5.080890513E-50
4.264822250E+01 5.070502527E-50
4.294414280E+01 5.060215060E-50
4.324211638E+01 5.050026629E-50
4.354215749E+01 5.039935787E-50
4.384428047E+01 5.029941124E-50
4.414849978E+01 5.020041259E-50
4.445482995E+01 5.010234848E-50
4.476328563E+01 5.000520574E-50
4.507388157E+01 4.990897154E-50
4.538663263E+01 4.981363333E-50
4.570155374E+01 4.971917885E-50
4.601865998E+01 4.962559612E-50
4.633796651E+01 4.953287344E-50
4.665948858E+01 4.944099936E-50
4.698324157E+01 4.934996270E-50
4.730924097E+01 4.925975253E-50
4.763750236E+01 4.917035815E-50
4.796804144E+01 4.908176911E-50
4.830087400E+01 4.899397519E-50
4.863601596E+01 4.890696638E-50
4.897348335E+01 4.882073290E-50
4.931329231E+01 4.873526517E-50
4.965545907E+01 4.865055384E-50
5.000000000E+01 4.856658974E-50
5.034693157E+01 4.848336389E-50
5.069627038E+01 4.840086752E-50
5.104803312E+01 4.831909204E-50
5.140223660E+01 4.823802903E-50
5.175889778E+01 4.815767024E-50
5.211803370E+01 4.807800763E-50
5.247966153E+01 4.799903327E-50
5.284379856E+01 4.792073945E-50
5.321046220E+01 4.784311857E-50
5.357966999E+01 4.776616322E-50
5.395143958E+01 4.768986611E-50
5.432578873E+01 4.761422012E-50
5.470273536E+01 4.753921828E-50
5.508229748E+01 4.746485372E-50
5.546449324E+01 4.739111975E-50
5.584934092E+01 4.731800980E-50
5.623685892E+01 4.724551741E-50
5.662706576E+01 4.717363627E-50
5.701998010E+01 4.710236018E-50
5.741562073E+01 4.703168308E-50
5.781400656E+01 4.696159901E-50
5.821515665E+01 4.689210212E-50
5.861909016E+01 4.682318670E-50
5.902582643E+01 4.675484713E-50
5.943538489E+01 4.668707789E-50
5.984778512E+01 4.661987360E-50
6.026304684E+01 4.655322894E-50
6.068118992E+01 4.648713872E-50
6.110223433E+01 4.642159784E-50
6.152620022E+01 4.635660129E-50
6.195310785E+01 4.629214418E-50
6.238297763E+01 4.622822168E-50
6.281583012E+01 4.616482906E-50
6.325168602E+01 4.610196170E-50
6.369056616E+01 4.603961505E-50
6.413249153E+01 4.597778463E-50
6.457748325E+01 4.591646607E-50
6.502556261E+01 4.585565507E-50
6.547675102E+01 4.579534741E-50
6.593107007E+01 4.573553896E-50
6.638854147E+01 4.567622565E-50
6.684918709E+01 4.561740350E-50
6.731302896E+01 4.555906860E-50
6.778008927E+01 4.550121710E-50
6.825039033E+01 4.544384525E-50
6.872395463E+01 4.538694934E-50
6.920080483E+01 4.533052575E-50
6.968096371E+01 4.527457093E-50
7.016445424E+01 4.521908138E-50
7.065129953E+01 4.516405367E-50
7.114152286E+01 4.510948446E-50
7.163514767E+01 4.505537043E-50
7.213219756E+01 4.500170836E-50
7.263269630E+01 4.494849507E-50
7.313666781E+01 4.489572746E-50
7.364413620E+01 4.484340247E-50
7.415512572E+01 4.479151711E-50
7.466966081E+01 4.474006845E-50
7.518776606E+01 4.468905361E-50
7.570946627E+01 4.463846977E-50
7.623478635E+01 4.458831416E-50
7.676375144E+01 4.453858408E-50
7.729638682E+01 4.448927688E-50
7.783271796E+01 4.444038994E-50
7.837277051E+01 4.439192072E-50
7.891657028E+01 4.434386673E-50
7.946414328E+01 4.429622551E-50
8.001551569E+01 4.424899468E-50
8.057071386E+01 4.420217190E-50
8.112976435E+01 4.415575486E-50
8.169269389E+01 4.410974133E-50
8.225952939E+01 4.406412911E-50
8.283029795E+01 4.401891605E-50
8.340502686E+01 4.397410005E-50
8.398374360E+01 4.392967907E-50
8.456647585E+01 4.388565109E-50
8.515325146E+01 4.384201416E-50
8.574409849E+01 4.379876637E-50
8.633904519E+01 4.375590584E-50
8.693812001E+01 4.371343076E-50
8.754135159E+01 4.367133935E-50
8.814876876E+01 4.362962988E-50
8.876040059E+01 4.358830066E-50
8.937627630E+01 4.354735005E-50
8.999642534E+01 4.350677645E-50
9.062087737E+01 4.346657829E-50
9.124966224E+01 4.342675408E-50
9.188281002E+01 4.338730233E-50
9.252035098E+01 4.334822162E-50
9.316231560E+01 4.330951056E-50
9.380873457E+01 4.327116782E-50
9.445963881E+01 4.323319208E-50
9.511505943E+01 4.319558209E-50
9.577502778E+01 4.315833664E-50
9.643957540E+01 4.312145454E-50
9.710873407E+01 4.308493467E-50
9.778253579E+01 4.304877592E-50
9.846101277E+01 4.301297725E-50
9.914419746E+01 4.297753765E-50
9.983212251E+01 4.294245614E-50
1.005248208E+02 4.290773180E-50
1.012223255E+02 4.287336373E-50
1.019246699E+02 4.283935110E-50
1.026318876E+02 4.280569310E-50
1.033440125E+02 4.277238895E-50
1.040610785E+02 4.273943793E-50
1.047831200E+02 4.270683937E-50
1.055101714E+02 4.267459262E-50
1.062422676E+02 4.264269706E-50
1.069794436E+02 4.261115215E-50
1.077217345E+02 4.257995737E-50
1.084691759E+02 4.254911222E-50
1.092218036E+02 4.251861628E-50
1.099796534E+02 4.248846915E-50
1.107427617E+02 4.245867046E-50
1.115111649E+02 4.242921992E-50
1.122848998E+02 4.240011723E-50
1.130640033E+02 4.237136218E-50
1.138485128E+02 4.234295457E-50
1.146384656E+02 4.231489425E-50
1.154338997E+02 4.228718113E-50
1.162348530E+02 4.225981513E-50
1.170413638E+02 4.223279624E-50
1.178534707E+02 4.220612448E-50
1.186712125E+02 4.217979992E-50
1.194946283E+02 4.215382267E-50
1.203237575E+02 4.212819288E-50
1.211586397E+02 4.210291075E-50
1.219993149E+02 4.207797652E-50
1.228458231E+02 4.205339049E-50
1.236982050E+02 4.202915298E-50
1.245565013E+02 4.200526438E-50
1.254207530E+02 4.198172511E-50
1.262910013E+02 4.195853564E-50
1.271672881E+02 4.193569650E-50
1.280496550E+02 4.191320825E-50
1.289381444E+02 4.189107152E-50
1.298327986E+02 4.186928697E-50
1.307336606E+02 4.184785531E-50
1.316407733E+02 4.182677732E-50
1.325541801E+02 4.180605382E-50
1.334739247E+02 4.178568568E-50
1.344000511E+02 4.176567384E-50
1.353326035E+02 4.174601927E-50
1.362716266E+02 4.172672303E-50
1.372171652E+02 4.170778621E-50
1.381692645E+02 4.168920998E-50
1.391279701E+02 4.167099557E-50
1.400933278E+02 4.165314426E-50
1.410653838E+02 4.163565742E-50
1.420441845E+02 4.161853647E-50
1.430297768E+02 4.160178293E-50
1.440222077E+02 4.158539839E-50
1.450215247E+02 4.156938450E-50
1.460277756E+02 4.155374303E-50
1.470410085E+02 4.153847585E-50
1.480612719E+02 4.152358490E-50
1.490886145E+02 4.150907228E-50
1.501230855E+02 4.149494019E-50
1.511647342E+02 4.148119097E-50
1.522136106E+02 4.146782713E-50
1.532697648E+02 4.145485136E-50
1.543332472E+02 4.144226656E-50
1.554041087E+02 4.143007588E-50
1.564824005E+02 4.141828274E-50
1.575681742E+02 4.140689093E-50
1.586614817E+02 4.139590462E-50
1.597623753E+02 4.138532854E-50
1.608709075E+02 4.137516802E-50
1.619871315E+02 4.136542921E-50
1.631111005E+02 4.135611930E-50
1.642428683E+02 4.134724681E-50
1.653824890E+02 4.133882208E-50
1.665300172E+02 4.133085784E-50
1.676855076E+02 4.132337018E-50
1.688490155E+02 4.131637987E-50
1.700205966E+02 4.130991442E-50
1.712003069E+02 4.130401137E-50
1.723882027E+02 4.129872349E-50
1.735843409E+02 4.129412758E-50
1.747887787E+02 4.129033991E-50
1.760015736E+02 4.128754460E-50
1.772227837E+02 4.128604932E-50
1.784524673E+02 4.128640307E-50
1.796906832E+02 4.128966999E-50
1.809374906E+02 4.129815101E-50
1.821929492E+02 4.131764168E-50
1.834571189E+02 4.136655232E-50
1.847300603E+02 4.153283768E-50
1.860118341E+02 4.298642674E-50
1.873025016E+02 4.739368920E-50
1.886021247E+02 4.164071917E-50
1.899107653E+02 4.137471656E-50
1.912284861E+02 4.130993340E-50
1.925553501E+02 4.128559007E-50
1.938914207E+02 4.127473034E-50
1.952367618E+02 4.126980159E-50
1.965914378E+02 4.126803012E-50
1.979555133E+02 4.126820794E-50
1.993290537E+02 4.126974326E-50
2.007121245E+02 4.127232032E-50
2.021047920E+02 4.127575954E-50
2.035071227E+02 4.127995382E-50
2.049191836E+02 4.128483706E-50
2.063410423E+02 4.129036749E-50
2.077727667E+02 4.129651847E-50
2.092144254E+02 4.130327307E-50
2.106660872E+02 4.131062084E-50
2.121278215E+02 4.131855571E-50
2.135996983E+02 4.132707472E-50
2.150817879E+02 4.133617714E-50
2.165741612E+02 4.134586388E-50
2.180768895E+02 4.135613709E-50
2.195900446E+02 4.136699983E-50
2.211136990E+02 4.137845596E-50
2.226479255E+02 4.139050991E-50
2.241927974E+02 4.140316659E-50
2.257483886E+02 4.141643137E-50
2.273147735E+02 4.143030992E-50
2.288920269E+02 4.144480825E-50
2.304802243E+02 4.145993265E-50
2.320794417E+02 4.147568964E-50
2.336897554E+02 4.149208599E-50
2.353112425E+02 4.150912867E-50
2.369439805E+02 4.152682486E-50
2.385880474E+02 4.154518195E-50
2.402435220E+02 4.156420749E-50
2.419104832E+02 4.158390925E-50
2.435890109E+02 4.160429517E-50
2.452791853E+02 4.162537334E-50
2.469810872E+02 4.164715208E-50
2.486947979E+02 4.166963986E-50
2.504203995E+02 4.169284532E-50
2.521579744E+02 4.171677729E-50
2.539076056E+02 4.174144480E-50
2.556693769E+02 4.176685702E-50
2.574433725E+02 4.179302334E-50
2.592296772E+02 4.181995332E-50
2.610283764E+02 4.184765672E-50
2.628395561E+02 4.187614346E-50
2.646633029E+02 4.190542368E-50
2.664997040E+02 4.193550772E-50
2.683488473E+02 4.196640610E-50
2.702108210E+02 4.199812955E-50
2.720857143E+02 4.203068901E-50
2.739736168E+02 4.206409562E-50
2.758746188E+02 4.209836074E-50
2.777888111E+02 4.213349595E-50
2.797162853E+02 4.216951303E-50
2.816571335E+02 4.220642402E-50
2.836114486E+02 4.224424114E-50
2.855793239E+02 4.228297689E-50
2.875608536E+02 4.232264398E-50
2.895561324E+02 4.236325537E-50
2.915652557E+02 4.240482426E-50
2.935883195E+02 4.244736411E-50
2.956254207E+02 4.249088863E-50
2.976766565E+02 4.253541179E-50
2.997421252E+02 4.258094782E-50
3.018219253E+02 4.262751125E-50
3.039161564E+02 4.267511686E-50
3.060249186E+02 4.272377972E-50
3.081483128E+02 4.277351520E-50
3.102864403E+02 4.282433895E-50
3.124394036E+02 4.287626694E-50
3.146073055E+02 4.292931543E-50
3.167902496E+02 4.298350104E-50
3.189883404E+02 4.303884068E-50
3.212016830E+02 4.309535160E-50
3.234303831E+02 4.315305143E-50
3.256745473E+02 4.321195813E-50
3.279342830E+02 4.327209007E-50
3.302096981E+02 4.333346599E-50
3.325009015E+02 4.339610508E-50
3.348080027E+02 4.346002698E-50
3.371311121E+02 4.352525182E-50
3.394703406E+02 4.359180032E-50
3.418258002E+02 4.365969389E-50
3.441976035E+02 4.372895473E-50
3.465858638E+02 4.379960616E-50
3.489906954E+02 4.387167302E-50
3.514122132E+02 4.394518243E-50
3.538505331E+02 4.402016539E-50
3.563057715E+02 4.409665981E-50
3.587780459E+02 4.417471766E-50
3.612674746E+02 4.425442295E-50
3.637741765E+02 4.433594554E-50
3.662982714E+02 4.441974307E-50
3.688398801E+02 4.450766565E-50
3.713991241E+02 4.461637312E-50
3.739761258E+02 4.683321502E-50
3.765710083E+02 4.478137745E-50
3.791838957E+02 4.485850378E-50
3.818149131E+02 4.494819934E-50
3.844641860E+02 4.504141136E-50
3.871318413E+02 4.513693224E-50
3.898180065E+02 4.523447525E-50
3.925228100E+02 4.533396028E-50
3.952463811E+02 4.543537159E-50
3.979888501E+02 4.553871819E-50
4.007503481E+02 4.564402024E-50
4.035310071E+02 4.575130361E-50
4.063309600E+02 4.586059750E-50
4.091503408E+02 4.597193324E-50
4.119892842E+02 4.608534372E-50
4.148479260E+02 4.620086305E-50
4.177264029E+02 4.631852640E-50
4.206248525E+02 4.643836990E-50
4.235434133E+02 4.656043056E-50
4.264822250E+02 4.668474628E-50
4.294414280E+02 4.681135578E-50
4.324211638E+02 4.694029867E-50
4.354215749E+02 4.707161539E-50
4.384428047E+02 4.720534725E-50
4.414849978E+02 4.734153643E-50
4.445482995E+02 4.748022602E-50
4.476328563E+02 4.762146001E-50
4.507388157E+02 4.776528329E-50
4.538663263E+02 4.791174173E-50
4.570155374E+02 4.806088215E-50
4.601865998E+02 4.821275234E-50
4.633796651E+02 4.836740113E-50
4.665948858E+02 4.852487835E-50
4.698324157E+02 4.868523490E-50
4.730924097E+02 4.884852274E-50
4.763750236E+02 4.901479496E-50
4.796804144E+02 4.918410577E-50
4.830087400E+02 4.935651051E-50
4.863601596E+02 4.953206573E-50
4.897348335E+02 4.971082920E-50
4.931329231E+02 4.989285991E-50
4.965545907E+02 5.007821812E-50
5.000000000E+02 5.026696542E-50
5.034693157E+02 5.045916473E-50
5.069627038E+02 5.065488033E-50
5.104803312E+02 5.085417796E-50
5.140223660E+02 5.105712480E-50
5.175889778E+02 5.126378956E-50
5.211803370E+02 5.147424257E-50
5.247966153E+02 5.168855586E-50
5.284379856E+02 5.190680334E-50
5.321046220E+02 5.212906113E-50
5.357966999E+02 5.235540813E-50
5.395143958E+02 5.258592741E-50
5.432578873E+02 5.282070986E-50
5.470273536E+02 5.305986572E-50
5.508229748E+02 5.330357311E-50
5.546449324E+02 5.355240508E-50
5.584934092E+02 5.381498174E-50
5.623685892E+02 5.407488228E-50
5.662706576E+02 5.432403211E-50
5.701998010E+02 5.458990709E-50
5.741562073E+02 5.486140381E-50
5.781400656E+02 5.513808980E-50
5.821515665E+02 5.541996753E-50
5.861909016E+02 5.570711039E-50
5.902582643E+02 5.599961177E-50
5.943538489E+02 5.629757334E-50
5.984778512E+02 5.660110158E-50
6.026304684E+02 5.691030656E-50
6.068118992E+02 5.722530141E-50
6.110223433E+02 5.754620218E-50
6.152620022E+02 5.787312776E-50
6.195310785E+02 5.820619990E-50
6.238297763E+02 5.854554321E-50
6.281583012E+02 5.889128526E-50
6.325168602E+02 5.924355657E-50
6.369056616E+02 5.960249077E-50
6.413249153E+02 5.996822459E-50
6.457748325E+02 6.034089797E-50
6.502556261E+02 6.072065415E-50
6.547675102E+02 6.110763974E-50
6.593107007E+02 6.150200481E-50
6.638854147E+02 6.190390297E-50
6.684918709E+02 6.231349147E-50
6.731302896E+02 6.273093131E-50
6.778008927E+02 6.315638730E-50
6.825039033E+02 6.359002820E-50
6.872395463E+02 6.403202682E-50
6.920080483E+02 6.448256009E-50
6.968096371E+02 6.494180926E-50
7.016445424E+02 6.540995995E-50
7.065129953E+02 6.588720238E-50
7.114152286E+02 6.637373154E-50
7.163514767E+02 6.686974748E-50
7.213219756E+02 6.737545600E-50
7.263269630E+02 6.789107010E-50
7.313666781E+02 6.841681506E-50
7.364413620E+02 6.895295259E-50
7.415512572E+02 6.950000470E-50
7.466966081E+02 7.010355947E-50
7.518776606E+02 7.062615300E-50
7.570946627E+02 7.120502219E-50
7.623478635E+02 7.179607683E-50
7.676375144E+02 7.239898035E-50
7.729638682E+02 7.301393155E-50
7.783271796E+02 7.364118284E-50
7.837277051E+02 7.428100274E-50
7.891657028E+02 7.493366952E-50
7.946414328E+02 7.559951703E-50
8.001551569E+02 7.627869409E-50
8.057071386E+02 7.697164698E-50
8.112976435E+02 7.767863650E-50
8.169269389E+02 7.839997927E-50
8.225952939E+02 7.913600006E-50
8.283029795E+02 7.988703189E-50
8.340502686E+02 8.065341623E-50
8.398374360E+02 8.143550326E-50
8.456647585E+02 8.223365206E-50
8.515325146E+02 8.304823089E-50
8.574409849E+02 8.387961743E-50
8.633904519E+02 8.472819905E-50
8.693812001E+02 8.559437306E-50
8.754135159E+02 8.647854702E-50
8.814876876E+02 8.738113904E-50
8.876040059E+02 8.830257807E-50
8.937627630E+02 8.924330427E-50
8.999642534E+02 9.020376947E-50
9.062087737E+02 9.118443783E-50
9.124966224E+02 9.218578740E-50
9.188281002E+02 9.320831571E-50
9.252035098E+02 9.425257928E-50
9.316231560E+02 9.532056678E-50
9.380873457E+02 9.640855011E-50
9.445963881E+02 9.752021323E-50
9.511505943E+02 9.865624309E-50
9.577502778E+02 9.981668770E-50
9.643957540E+02 1.010020973E-49
9.710873407E+02 1.022130654E-49
9.778253579E+02 1.034502060E-49
9.846101277E+02 1.047141512E-49
9.914419746E+02 1.060055501E-49
9.983212251E+02 1.073250695E-49
1.005248208E+03 1.086733942E-49
1.012223255E+03 1.100512275E-49
1.019246699E+03 1.114592915E-49
1.026318876E+03 1.128983279E-49
1.033440125E+03 1.143690985E-49
1.040610785E+03 1.158723857E-49
1.047831200E+03 1.174089932E-49
1.055101714E+03 1.189797466E-49
1.062422676E+03 1.205854940E-49
1.069794436E+03 1.222271068E-49
1.077217345E+03 1.239054803E-49
1.084691759E+03 1.256215344E-49
1.092218036E+03 1.273762152E-49
1.099796534E+03 1.291704964E-49
1.107427617E+03 1.310053879E-49
1.115111649E+03 1.328820498E-49
1.122848998E+03 1.348029357E-49
1.130640033E+03 1.367639817E-49
1.138485128E+03 1.387717185E-49
1.146384656E+03 1.408255097E-49
1.154338997E+03 1.429264998E-49
1.162348530E+03 1.450758937E-49
1.170413638E+03 1.472749337E-49
1.178534707E+03 1.495248982E-49
1.186712125E+03 1.518271020E-49
1.194946283E+03 1.541828971E-49
1.203237575E+03 1.565936742E-49
1.211586397E+03 1.590608632E-49
1.219993149E+03 1.615859353E-49
1.228458231E+03 1.641704034E-49
1.236982050E+03 1.668158238E-49
1.245565013E+03 1.695237976E-49
1.254207530E+03 1.722959721E-49
1.262910013E+03 1.751340422E-49
1.271672881E+03 1.780397517E-49
1.280496550E+03 1.810148962E-49
1.289381444E+03 1.840613257E-49
1.298327986E+03 1.871809697E-49
1.307336606E+03 1.904166477E-49
1.316407733E+03 1.936475939E-49
1.325541801E+03 1.969986530E-49
1.334739247E+03 2.004311058E-49
1.344000511E+03 2.039471146E-49
1.353326035E+03 2.075489366E-49
1.362716266E+03 2.112388993E-49
1.372171652E+03 2.150193999E-49
1.381692645E+03 2.188929074E-49
1.391279701E+03 2.228619646E-49
1.400933278E+03 2.269291909E-49
1.410653838E+03 2.310972843E-49
1.420441845E+03 2.353690240E-49
1.430297768E+03 2.397472737E-49
1.440222077E+03 2.442349837E-49
1.450215247E+03 2.488351941E-49
1.460277756E+03 2.535510382E-49
1.470410085E+03 2.583857459E-49
1.480612719E+03 2.633426530E-49
1.490886145E+03 2.684254512E-49
1.501230855E+03 2.736368881E-49
1.511647342E+03 2.789812923E-49
1.522136106E+03 2.844623131E-49
1.532697648E+03 2.900837738E-49
1.543332472E+03 2.958496673E-49
1.554041087E+03 3.017641150E-49
1.564824005E+03 3.078313681E-49
1.575681742E+03 3.140558123E-49
1.586614817E+03 3.204419720E-49
1.597623753E+03 3.269945152E-49
1.608709075E+03 3.337182588E-49
1.619871315E+03 3.406181732E-49
1.631111005E+03 3.476993887E-49
1.642428683E+03 3.549672003E-49
1.653824890E+03 3.624270747E-49
1.665300172E+03 3.700846597E-49
1.676855076E+03 3.779459249E-49
1.688490155E+03 3.860164580E-49
1.700205966E+03 3.943028271E-49
1.712003069E+03 4.028114115E-49
1.723882027E+03 4.115488033E-49
1.735843409E+03 4.205218474E-49
1.747887787E+03 4.297376175E-49
1.760015736E+03 4.392034233E-49
1.772227837E+03 4.489268187E-49
1.784524673E+03 4.589156107E-49
1.796906832E+03 4.691778691E-49
1.809374906E+03 4.797219359E-49
1.821929492E+03 4.905564360E-49
1.834571189E+03 5.016902874E-49
1.847300603E+03 5.131327141E-49
1.860118341E+03 5.248932856E-49
1.873025016E+03 5.369818313E-49
1.886021247E+03 5.494084397E-49
1.899107653E+03 5.621838578E-49
1.912284861E+03 5.753189389E-49
1.925553501E+03 5.888249834E-49
1.938914207E+03 6.027136881E-49
1.952367618E+03 6.169971593E-49
1.965914378E+03 6.316879282E-49
1.979555133E+03 6.467989666E-49
1.993290537E+03 6.623437038E-49
2.007121245E+03 6.783360439E-49
2.021047920E+03 6.947903836E-49
2.035071227E+03 7.117216326E-49
2.049191836E+03 7.291453034E-49
2.063410423E+03 7.470771553E-49
2.077727667E+03 7.655339358E-49
2.092144254E+03 7.845327671E-49
2.106660872E+03 8.040913890E-49
2.121278215E+03 8.242281910E-49
2.135996983E+03 8.449622187E-49
2.150817879E+03 8.663131957E-49
2.165741612E+03 8.883015461E-49
2.180768895E+03 9.109484171E-49
2.195900446E+03 9.342757025E-49
2.211136990E+03 9.583060657E-49
2.226479255E+03 9.830629669E-49
2.241927974E+03 1.008572283E-48
2.257483886E+03 1.034854247E-48
2.273147735E+03 1.061939693E-48
2.288920269E+03 1.089853833E-48
2.304802243E+03 1.118624383E-48
2.320794417E+03 1.148279968E-48
2.336897554E+03 1.178850127E-48
2.353112425E+03 1.210365319E-48
2.369439805E+03 1.242856929E-48
2.385880474E+03 1.276357262E-48
2.402435220E+03 1.310899531E-48
2.419104832E+03 1.346517863E-48
2.435890109E+03 1.383247154E-48
2.452791853E+03 1.421123200E-48
2.469810872E+03 1.460182574E-48
2.486947979E+03 1.500462476E-48
2.504203995E+03 1.542000710E-48
2.521579744E+03 1.584835550E-48
2.539076056E+03 1.629005588E-48
2.556693769E+03 1.674549546E-48
2.574433725E+03 1.721506058E-48
2.592296772E+03 1.769913391E-48
2.610283764E+03 1.819809299E-48
2.628395561E+03 1.871229707E-48
2.646633029E+03 1.924210083E-48
2.664997040E+03 1.978783052E-48
2.683488473E+03 2.034978608E-48
2.702108210E+03 2.092823164E-48
2.720857143E+03 2.152338611E-48
2.739736168E+03 2.213541217E-48
2.758746188E+03 2.276440326E-48
2.777888111E+03 2.341036845E-48
2.797162853E+03 2.407321737E-48
2.816571335E+03 2.475272531E-48
2.836114486E+03 2.544853757E-48
2.855793239E+03 2.616011307E-48
2.875608536E+03 2.688670594E-48
2.895561324E+03 2.762732566E-48
2.915652557E+03 2.838069429E-48
2.935883195E+03 2.914519789E-48
2.956254207E+03 2.991883143E-48
2.976766565E+03 3.069913722E-48
2.997421252E+03 3.148313490E-48
3.018219253E+03 3.226724772E-48
3.039161564E+03 3.304721945E-48
3.060249186E+03 3.381802677E-48
3.081483128E+03 3.457378931E-48
3.102864403E+03 3.530767868E-48
3.124394036E+03 3.601183176E-48
3.146073055E+03 3.667727422E-48
3.167902496E+03 3.729386375E-48
3.189883404E+03 3.785025365E-48
3.212016830E+03 3.833391996E-48
3.234303831E+03 3.873121701E-48
3.256745473E+03 3.902752866E-48
3.279342830E+03 3.920750424E-48
3.302096981E+03 3.925540561E-48
3.325009015E+03 3.915557808E-48
3.348080027E+03 3.889305214E-48
3.371311121E+03 3.845426982E-48
3.394703406E+03 3.782792082E-48
3.418258002E+03 3.700584264E-48
3.441976035E+03 3.598392921E-48
3.465858638E+03 3.476296928E-48
3.489906954E+03 3.334932043E-48
3.514122132E+03 3.175532474E-48
3.538505331E+03 2.999938335E-48
3.563057715E+03 2.810562864E-48
3.587780459E+03 2.610319819E-48
3.612674746E+03 2.402511692E-48
3.637741765E+03 2.190690197E-48
3.662982714E+03 1.978499820E-48
3.688398801E+03 1.769519346E-48
3.713991241E+03 1.567115553E-48
3.739761258E+03 1.374320944E-48
3.765710083E+03 1.193743479E-48
3.791838957E+03 1.027512253E-48
3.818149131E+03 8.772573712E-49
3.844641860E+03 7.441208746E-49
3.871318413E+03 6.287915844E-49
3.898180065E+03 5.315567892E-49
3.925228100E+03 4.523635824E-49
3.952463811E+03 3.908835318E-49
3.979888501E+03 3.465762367E-49
4.007503481E+03 3.187474985E-49
4.035310071E+03 3.066009285E-49
4.063309600E+03 3.092814429E-49
4.091503408E+03 3.259107159E-49
4.119892842E+03 3.556149430E-49
4.148479260E+03 3.975458837E-49
4.177264029E+03 4.508958641E-49
4.206248525E+03 5.149079757E-49
4.235434133E+03 5.888823278E-49
4.264822250E+03 6.721792166E-49
4.294414280E+03 7.642199932E-49
4.324211638E+03 8.644860437E-49
4.354215749E+03 9.725170390E-49
4.384428047E+03 1.087907740E-48
4.414849978E+03 1.210304800E-48
4.445482995E+03 1.339403114E-48
4.476328563E+03 1.474942725E-48
4.507388157E+03 1.616702116E-48
4.538663263E+03 1.764500756E-48
4.570155374E+03 1.918189645E-48
4.601865998E+03 2.077651206E-48
4.633796651E+03 2.242795744E-48
4.665948858E+03 2.413558764E-48
4.698324157E+03 2.589898403E-48
4.730924097E+03 2.771793360E-48
4.763750236E+03 2.959240645E-48
4.796804144E+03 3.152253799E-48
4.830087400E+03 3.350861175E-48
4.863601596E+03 3.555104371E-48
4.897348335E+03 3.765036820E-48
4.931329231E+03 3.980722473E-48
4.965545907E+03 4.202234590E-48
5.000000000E+03 4.429654608E-48
