1.000000000E+00 3.480217619E-33
1.003075858E+00 3.112909159E-33
1.006161177E+00 2.787848520E-33
1.009255986E+00 2.499719422E-33
1.012360314E+00 2.243938368E-33
1.015474190E+00 2.016544146E-33
1.018597645E+00 1.814105525E-33
1.021730706E+00 1.633643832E-33
1.024873405E+00 1.472567851E-33
1.028025770E+00 1.328618904E-33
1.031187831E+00 1.199824402E-33
1.034359618E+00 1.084458439E-33
1.037541161E+00 9.810082783E-34
1.040732491E+00 8.881457785E-34
1.043933636E+00 8.047041025E-34
1.047144628E+00 7.296536536E-34
1.050365496E+00 6.620870009E-34
1.053596271E+00 6.012025916E-34
1.056836983E+00 5.462913721E-34
1.060087664E+00 4.967252696E-34
1.063348343E+00 4.519472222E-34
1.066619051E+00 4.114625311E-34
1.069899820E+00 3.748313484E-34
1.073190680E+00 3.416621377E-34
1.076491662E+00 3.116059741E-34
1.079802797E+00 2.843516029E-34
1.083124117E+00 2.596211172E-34
1.086455653E+00 2.371657858E-34
1.089797436E+00 2.167632027E-34
1.093149498E+00 1.982141456E-34
1.096511871E+00 1.813399928E-34
1.099884586E+00 1.659804482E-34
1.103267674E+00 1.519915341E-34
1.106661169E+00 1.392438206E-34
1.110065102E+00 1.276208581E-34
1.113479504E+00 1.170177918E-34
1.116904409E+00 1.073401332E-34
1.120339848E+00 9.850266434E-35
1.123785855E+00 9.042848112E-35
1.127242460E+00 8.304813700E-35
1.130709698E+00 7.629885892E-35
1.134187600E+00 7.012387499E-35
1.137676200E+00 6.447180648E-35
1.141175531E+00 5.929612527E-35
1.144685624E+00 5.455466915E-35
1.148206515E+00 5.020920856E-35
1.151738235E+00 4.622505882E-35
1.155280818E+00 4.257073292E-35
1.158834298E+00 3.921763032E-35
1.162398707E+00 3.613975527E-35
1.165974081E+00 3.331347200E-35
1.169560451E+00 3.071727690E-35
1.173157853E+00 2.833159383E-35
1.176766320E+00 2.613859352E-35
1.180385886E+00 2.412202961E-35
1.184016585E+00 2.226709088E-35
1.187658452E+00 2.056026802E-35
1.191311521E+00 1.898923343E-35
1.194975826E+00 1.754273270E-35
1.198651402E+00 1.621048663E-35
1.202338283E+00 1.498310256E-35
1.206036505E+00 1.385200996E-35
1.209746102E+00 1.280934146E-35
1.213467109E+00 1.184790995E-35
1.217199562E+00 1.096114051E-35
1.220943495E+00 1.014301288E-35
1.224698943E+00 9.388012536E-36
1.228465943E+00 8.691086286E-36
1.232244530E+00 8.047601969E-36
1.236034739E+00 7.453311831E-36
1.239836606E+00 6.904319231E-36
1.243650168E+00 6.397048376E-36
1.247475459E+00 5.928216630E-36
1.251312516E+00 5.494806347E-36
1.255161376E+00 5.094051329E-36
1.259022074E+00 4.723406713E-36
1.262894647E+00 4.380533111E-36
1.266779131E+00 4.063279163E-36
1.270675564E+00 3.769665628E-36
1.274583982E+00 3.497870781E-36
1.278504421E+00 3.246216976E-36
1.282436919E+00 3.013158209E-36
1.286381513E+00 2.797268539E-36
1.290338239E+00 2.597231164E-36
1.294307137E+00 2.411856334E-36
1.298288241E+00 2.240106370E-36
1.302281592E+00 2.080893185E-36
1.306287225E+00 1.933272097E-36
1.310305179E+00 1.796371591E-36
1.314335491E+00 1.669387406E-36
1.318378201E+00 1.551577099E-36
1.322433345E+00 1.442255071E-36
1.326500962E+00 1.340787991E-36
1.330581090E+00 1.246590596E-36
1.334673769E+00 1.159121829E-36
1.338779036E+00 1.077881284E-36
1.342896930E+00 1.002455264E-36
1.347027490E+00 9.324359585E-37
1.351170755E+00 8.673804524E-37
1.355326764E+00 8.069246349E-37
1.359495557E+00 7.507316217E-37
1.363677172E+00 6.984896367E-37
1.367871649E+00 6.499100633E-37
1.372079028E+00 6.047256518E-37
1.376299349E+00 5.626888689E-37
1.380532650E+00 5.235703796E-37
1.384778972E+00 4.871576499E-37
1.389038356E+00 4.532536601E-37
1.393310840E+00 4.217578519E-37
1.397596466E+00 3.924670783E-37
1.401895275E+00 3.651910437E-37
1.406207305E+00 3.397851632E-37
1.410532599E+00 3.161153838E-37
1.414871197E+00 2.940574006E-37
1.419223140E+00 2.734959348E-37
1.423588469E+00 2.543240699E-37
1.427967225E+00 2.364426406E-37
1.432359449E+00 2.197596713E-37
1.436765183E+00 2.041898605E-37
1.441184469E+00 1.896541077E-37
1.445617347E+00 1.761906800E-37
1.450063861E+00 1.636386993E-37
1.454524051E+00 1.519246120E-37
1.458997961E+00 1.409901040E-37
1.463485631E+00 1.307811239E-37
1.467987105E+00 1.212475871E-37
1.472502425E+00 1.123431029E-37
1.477031633E+00 1.040247225E-37
1.481574773E+00 9.625270590E-38
1.486131886E+00 8.899030662E-38
1.490703017E+00 8.220357138E-38
1.495288208E+00 7.587453884E-38
1.499887502E+00 7.005326455E-38
1.504500943E+00 6.462150257E-38
1.509128574E+00 5.955402916E-38
1.513770439E+00 5.482750205E-38
1.518426582E+00 5.042032145E-38
1.523097046E+00 4.631249824E-38
1.527781876E+00 4.248552875E-38
1.532481116E+00 3.892227514E-38
1.537194811E+00 3.560685104E-38
1.541923003E+00 3.252451204E-38
1.546665739E+00 2.966155064E-38
1.551423064E+00 2.702883507E-38
1.556195021E+00 2.463289740E-38
1.560981655E+00 2.241586809E-38
1.565783013E+00 2.036683559E-38
1.570599139E+00 1.847553204E-38
1.575430079E+00 1.673227181E-38
1.580275878E+00 1.512789604E-38
1.585136582E+00 1.365372316E-38
1.590012237E+00 1.230150552E-38
1.594902889E+00 1.106339199E-38
1.599808584E+00 9.931896462E-39
1.604729368E+00 8.899871981E-39
1.609665287E+00 7.976788281E-39
1.614616389E+00 7.149327092E-39
1.619582720E+00 6.397802376E-39
1.624564326E+00 5.716479695E-39
1.629561255E+00 5.099932130E-39
1.634573554E+00 4.543030910E-39
1.639601270E+00 4.040937268E-39
1.644644451E+00 3.589095104E-39
1.649703143E+00 3.183224070E-39
1.654777396E+00 2.819312774E-39
1.659867256E+00 2.493611814E-39
1.664972772E+00 2.202626467E-39
1.670093992E+00 1.949365947E-39
1.675230964E+00 1.724911621E-39
1.680383736E+00 1.524714582E-39
1.685552358E+00 1.346400238E-39
1.690736877E+00 1.187790067E-39
1.695937344E+00 1.046890390E-39
1.701153806E+00 9.218811964E-40
1.706386314E+00 8.111050460E-40
1.711634916E+00 7.130561565E-40
1.716899661E+00 6.263697156E-40
1.722180601E+00 5.498114945E-40
1.727477784E+00 4.822678134E-40
1.732791260E+00 4.244299926E-40
1.738121080E+00 3.733205661E-40
1.743467293E+00 3.281867591E-40
1.748829951E+00 2.883598757E-40
1.754209103E+00 2.532411181E-40
1.759604801E+00 2.222950750E-40
1.765017096E+00 1.950436920E-40
1.770446038E+00 1.710607065E-40
1.775891678E+00 1.499665293E-40
1.781354069E+00 1.314235513E-40
1.786833261E+00 1.151318543E-40
1.792329306E+00 1.009031894E-40
1.797842256E+00 8.865787144E-41
1.803372164E+00 7.787692371E-41
1.808919080E+00 6.838887315E-41
1.814483059E+00 6.004171693E-41
1.820064151E+00 5.270081292E-41
1.825662409E+00 4.624698196E-41
1.831277888E+00 4.057480335E-41
1.836910638E+00 3.559108647E-41
1.842560714E+00 3.121350208E-41
1.848228170E+00 2.736935840E-41
1.853913057E+00 2.399450800E-41
1.859615430E+00 2.106133064E-41
1.865335343E+00 1.851765887E-41
1.871072849E+00 1.627899193E-41
1.876828004E+00 1.430913095E-41
1.882600860E+00 1.257611232E-41
1.888391473E+00 1.105172216E-41
1.894199897E+00 9.711064784E-42
1.900026187E+00 8.532179444E-42
1.905870397E+00 7.495700202E-42
1.911732584E+00 6.584554247E-42
1.917612802E+00 5.783694475E-42
1.923511106E+00 5.079862580E-42
1.929427553E+00 4.469475237E-42
1.935362198E+00 3.936075689E-42
1.941315097E+00 3.466153127E-42
1.947286307E+00 3.052195002E-42
1.953275883E+00 2.687571254E-42
1.959283882E+00 2.366431677E-42
1.965310361E+00 2.083615066E-42
1.971355376E+00 1.834568803E-42
1.977418985E+00 1.615277722E-42
1.983501245E+00 1.422201180E-42
1.989602213E+00 1.252217424E-42
1.995721947E+00 1.102574403E-42
2.001860504E+00 9.729012066E-43
2.008017943E+00 8.587979665E-43
2.014194321E+00 7.581180664E-43
2.020389696E+00 6.692866208E-43
2.026604128E+00 5.909126908E-43
2.032837675E+00 5.217679227E-43
2.039090395E+00 4.607676489E-43
2.045362347E+00 4.069541703E-43
2.051653591E+00 3.594819705E-43
2.057964186E+00 3.176046401E-43
2.064294191E+00 2.806633164E-43
2.070643667E+00 2.481196975E-43
2.077012673E+00 2.198322830E-43
2.083401269E+00 1.948246094E-43
2.089809515E+00 1.727161333E-43
2.096237472E+00 1.531703411E-43
2.102685201E+00 1.358896742E-43
2.109152762E+00 1.206110373E-43
2.115640216E+00 1.071018218E-43
2.122147625E+00 9.515638597E-44
2.128675050E+00 8.459293957E-44
2.135222552E+00 7.525078706E-44
2.141790193E+00 6.698788801E-44
2.148378035E+00 5.971010839E-44
2.154986141E+00 5.333264605E-44
2.161614572E+00 4.767869696E-44
2.168263392E+00 4.266532056E-44
2.174932662E+00 3.821908053E-44
2.181622446E+00 3.427495871E-44
2.188332806E+00 3.077539276E-44
2.195063807E+00 2.766942333E-44
2.201815512E+00 2.491193861E-44
2.208587983E+00 2.246300486E-44
2.215381286E+00 2.028727341E-44
2.222195484E+00 1.835345539E-44
2.229030642E+00 1.664492356E-44
2.235886824E+00 1.513269542E-44
2.242764094E+00 1.378424829E-44
2.249662518E+00 1.258112087E-44
2.256582160E+00 1.150694560E-44
2.263523086E+00 1.054721149E-44
2.270485362E+00 9.689053725E-45
2.277469052E+00 8.921067094E-45
2.284474223E+00 8.233140441E-45
2.291500941E+00 7.616309887E-45
2.298549273E+00 7.062628645E-45
2.305619284E+00 6.565051569E-45
2.312711041E+00 6.120607585E-45
2.319824612E+00 5.720784621E-45
2.326960063E+00 5.359510082E-45
2.334117461E+00 5.032581669E-45
2.341296875E+00 4.736267396E-45
2.348498372E+00 4.467252784E-45
2.355722019E+00 4.222593978E-45
2.362967885E+00 3.999676113E-45
2.370236039E+00 3.796176353E-45
2.377526548E+00 3.610031080E-45
2.384839482E+00 3.439406759E-45
2.392174910E+00 3.282674080E-45
2.399532900E+00 3.139284520E-45
2.406913522E+00 3.006887431E-45
2.414316846E+00 2.884323133E-45
2.421742942E+00 2.770605240E-45
2.429191879E+00 2.664855112E-45
2.436663728E+00 2.566289879E-45
2.444158560E+00 2.474211806E-45
2.451676444E+00 2.387998841E-45
2.459217453E+00 2.307096205E-45
2.466781656E+00 2.231008933E-45
2.474369126E+00 2.159295230E-45
2.481979934E+00 2.091599212E-45
2.489614152E+00 2.027690185E-45
2.497271851E+00 1.967047042E-45
2.504953105E+00 1.908246474E-45
2.512657985E+00 1.851649400E-45
2.520386564E+00 1.797682264E-45
2.528138915E+00 1.746140157E-45
2.535915111E+00 1.696838958E-45
2.543715226E+00 1.649613064E-45
2.551539332E+00 1.604313362E-45
2.559387505E+00 1.560805434E-45
2.567259817E+00 1.518967961E-45
2.575156344E+00 1.478710384E-45
2.583077159E+00 1.439937006E-45
2.591022337E+00 1.402525553E-45
2.598991954E+00 1.366396050E-45
2.606986084E+00 1.331475677E-45
2.615004803E+00 1.297698014E-45
2.623048186E+00 1.265002374E-45
2.631116310E+00 1.233333202E-45
2.639209250E+00 1.202639545E-45
2.647327082E+00 1.172874577E-45
2.655469884E+00 1.143995177E-45
2.663637733E+00 1.115961555E-45
2.671830704E+00 1.088743406E-45
2.680048875E+00 1.062302457E-45
2.688292325E+00 1.036602631E-45
2.696561130E+00 1.011614802E-45
2.704855369E+00 9.873117686E-46
2.713175120E+00 9.636680752E-46
2.721520461E+00 9.406598464E-46
2.729891472E+00 9.182646439E-46
2.738288230E+00 8.964613365E-46
2.746710816E+00 8.752299837E-46
2.755159308E+00 8.545517322E-46
2.763633787E+00 8.344120869E-46
2.772134332E+00 8.147967036E-46
2.780661023E+00 7.956832997E-46
2.789213941E+00 7.770561430E-46
2.797793167E+00 7.589006766E-46
2.806398782E+00 7.412029855E-46
2.815030866E+00 7.239497502E-46
2.823689501E+00 7.071282039E-46
2.832374768E+00 6.907260939E-46
2.841086751E+00 6.747335847E-46
2.849825530E+00 6.591398851E-46
2.858591189E+00 6.439315410E-46
2.867383809E+00 6.290980643E-46
2.876203474E+00 6.146297940E-46
2.885050268E+00 6.005163218E-46
2.893924272E+00 5.867482071E-46
2.902825572E+00 5.733163182E-46
2.911754251E+00 5.602118170E-46
2.920710394E+00 5.474261435E-46
2.929694084E+00 5.349510034E-46
2.938705407E+00 5.227783551E-46
2.947744447E+00 5.109003990E-46
2.956811290E+00 4.993095661E-46
2.965906022E+00 4.879985090E-46
2.975028727E+00 4.769601264E-46
2.984179493E+00 4.661875331E-46
2.993358405E+00 4.556738883E-46
3.002565551E+00 4.454126496E-46
3.011801016E+00 4.353974561E-46
3.021064888E+00 4.256221215E-46
3.030357254E+00 4.160806283E-46
3.039678203E+00 4.067671221E-46
3.049027821E+00 3.976759063E-46
3.058406197E+00 3.888014371E-46
3.067813420E+00 3.801383185E-46
3.077249579E+00 3.716812979E-46
3.086714761E+00 3.634252761E-46
3.096209057E+00 3.553652712E-46
3.105732557E+00 3.474964192E-46
3.115285349E+00 3.398140012E-46
3.124867524E+00 3.323134214E-46
3.134479173E+00 3.250991534E-46
3.144120385E+00 3.180519508E-46
3.153791253E+00 3.111663285E-46
3.163491867E+00 3.044384789E-46
3.173222318E+00 2.978646910E-46
3.182982699E+00 2.914413486E-46
3.192773102E+00 2.851649272E-46
3.202593619E+00 2.790319968E-46
3.212444342E+00 2.730392061E-46
3.222325364E+00 2.671832902E-46
3.232236779E+00 2.614610696E-46
3.242178680E+00 2.558694450E-46
3.252151161E+00 2.504053945E-46
3.262154316E+00 2.450659708E-46
3.272188240E+00 2.398482981E-46
3.282253026E+00 2.347495681E-46
3.292348770E+00 2.297670354E-46
3.302475567E+00 2.248980122E-46
3.312633513E+00 2.201398613E-46
3.322822703E+00 2.154899902E-46
3.333043233E+00 2.109458363E-46
3.343295201E+00 2.065048611E-46
3.353578702E+00 2.021645367E-46
3.363893834E+00 1.979223333E-46
3.374240693E+00 1.937757080E-46
3.384619378E+00 1.897220970E-46
3.395029987E+00 1.857589148E-46
3.405472617E+00 1.818835630E-46
3.415947367E+00 1.780934527E-46
3.426454335E+00 1.743860408E-46
3.436993622E+00 1.707588796E-46
3.447565326E+00 1.672096720E-46
3.458169547E+00 1.637363208E-46
3.468806386E+00 1.603369656E-46
3.479475941E+00 1.570099905E-46
3.490178315E+00 1.537540047E-46
3.500913608E+00 1.505677971E-46
3.511681921E+00 1.474502764E-46
3.522483355E+00 1.444004092E-46
3.533318014E+00 1.414171666E-46
3.544185998E+00 1.384994868E-46
3.555087411E+00 1.356462541E-46
3.566022355E+00 1.328562927E-46
3.576990933E+00 1.301283717E-46
3.587993249E+00 1.274612156E-46
3.599029406E+00 1.248535190E-46
3.610099510E+00 1.223039597E-46
3.621203663E+00 1.198112117E-46
3.632341971E+00 1.173739551E-46
3.643514539E+00 1.149908847E-46
3.654721472E+00 1.126607160E-46
3.665962876E+00 1.103821887E-46
3.677238857E+00 1.081540704E-46
3.688549521E+00 1.059751574E-46
3.699894976E+00 1.038442763E-46
3.711275327E+00 1.017602834E-46
3.722690683E+00 9.972206500E-47
3.734141150E+00 9.772853688E-47
3.745626838E+00 9.577864345E-47
3.757147854E+00 9.387135708E-47
3.768704307E+00 9.200567727E-47
3.780296306E+00 9.018062977E-47
3.791923961E+00 8.839526574E-47
3.803587380E+00 8.664866093E-47
3.815286675E+00 8.493991486E-47
3.827021954E+00 8.326815004E-47
3.838793330E+00 8.163251126E-47
3.850600913E+00 8.003216483E-47
3.862444815E+00 7.846629796E-47
3.874325146E+00 7.693411809E-47
3.886242020E+00 7.543485229E-47
3.898195548E+00 7.396774669E-47
3.910185844E+00 7.253206588E-47
3.922213020E+00 7.112709245E-47
3.934277190E+00 6.975212643E-47
3.946378468E+00 6.840648482E-47
3.958516968E+00 6.708950113E-47
3.970692804E+00 6.580052495E-47
3.982906091E+00 6.453892149E-47
3.995156944E+00 6.330407117E-47
4.007445479E+00 6.209536925E-47
4.019771812E+00 6.091222543E-47
4.032136059E+00 5.975406347E-47
4.044538337E+00 5.862032084E-47
4.056978762E+00 5.751044837E-47
4.069457453E+00 5.642390991E-47
4.081974526E+00 5.536018203E-47
4.094530099E+00 5.431875366E-47
4.107124292E+00 5.329912581E-47
4.119757223E+00 5.230081128E-47
4.132429011E+00 5.132333433E-47
4.145139776E+00 5.036623046E-47
4.157889637E+00 4.942904607E-47
4.170678715E+00 4.851133824E-47
4.183507130E+00 4.761267445E-47
4.196375004E+00 4.673263232E-47
4.209282457E+00 4.587079941E-47
4.222229612E+00 4.502677290E-47
4.235216590E+00 4.420015944E-47
4.248243515E+00 4.339057485E-47
4.261310509E+00 4.259764397E-47
4.274417694E+00 4.182100038E-47
4.287565196E+00 4.106028621E-47
4.300753137E+00 4.031607311E-47
4.313981643E+00 3.959055258E-47
4.327250838E+00 3.887986413E-47
4.340560847E+00 3.818368295E-47
4.353911795E+00 3.750169181E-47
4.367303809E+00 3.683358086E-47
4.380737016E+00 3.617904746E-47
4.394211540E+00 3.553779601E-47
4.407727511E+00 3.490953776E-47
4.421285054E+00 3.429400432E-47
4.434884299E+00 3.369096276E-47
4.448525373E+00 3.310008670E-47
4.462208405E+00 3.252111325E-47
4.475933525E+00 3.195378565E-47
4.489700860E+00 3.139785301E-47
4.503510542E+00 3.085307030E-47
4.517362701E+00 3.031919809E-47
4.531257467E+00 2.979600251E-47
4.545194971E+00 2.928325504E-47
4.559175345E+00 2.878029726E-47
4.573198721E+00 2.828738841E-47
4.587265231E+00 2.780432007E-47
4.601375007E+00 2.733088021E-47
4.615528183E+00 2.686686184E-47
4.629724892E+00 2.641206282E-47
4.643965268E+00 2.596628582E-47
4.658249445E+00 2.552933814E-47
4.672577559E+00 2.510103160E-47
4.686949744E+00 2.468118243E-47
4.701366135E+00 2.426961117E-47
4.715826870E+00 2.386614254E-47
4.730332083E+00 2.347060535E-47
4.744881913E+00 2.308283237E-47
4.759476495E+00 2.270266026E-47
4.774115969E+00 2.232992947E-47
4.788800471E+00 2.196448411E-47
4.803530141E+00 2.160617189E-47
4.818305118E+00 2.125484401E-47
4.833125540E+00 2.091035509E-47
4.847991547E+00 2.057256306E-47
4.862903281E+00 2.024132910E-47
4.877860880E+00 1.991651754E-47
4.892864487E+00 1.959799578E-47
4.907914244E+00 1.928563424E-47
4.923010291E+00 1.897930622E-47
4.938152771E+00 1.867888793E-47
4.953341827E+00 1.838425829E-47
4.968577603E+00 1.809529897E-47
4.983860242E+00 1.781189426E-47
4.999189888E+00 1.753393103E-47
5.014566686E+00 1.726129865E-47
5.029990781E+00 1.699388893E-47
5.045462318E+00 1.673159605E-47
5.060981443E+00 1.647431653E-47
5.076548303E+00 1.622194914E-47
5.092163045E+00 1.597439485E-47
5.107825815E+00 1.573155679E-47
5.123536761E+00 1.549334016E-47
5.139296033E+00 1.525965221E-47
5.155103777E+00 1.503040218E-47
5.170960144E+00 1.480550124E-47
5.186865283E+00 1.458486245E-47
5.202819344E+00 1.436840071E-47
5.218822477E+00 1.415603269E-47
5.234874833E+00 1.394767682E-47
5.250976565E+00 1.374325323E-47
5.267127823E+00 1.354268369E-47
5.283328760E+00 1.334589159E-47
5.299579528E+00 1.315280189E-47
5.315880282E+00 1.296334107E-47
5.332231175E+00 1.277743709E-47
5.348632360E+00 1.259501938E-47
5.365083994E+00 1.241601875E-47
5.381586230E+00 1.224036740E-47
5.398139225E+00 1.206799885E-47
5.414743134E+00 1.189884794E-47
5.431398115E+00 1.173285074E-47
5.448104324E+00 1.156994456E-47
5.464861919E+00 1.141006792E-47
5.481671058E+00 1.125316048E-47
5.498531899E+00 1.109916304E-47
5.515444602E+00 1.094801748E-47
5.532409326E+00 1.079966677E-47
5.549426231E+00 1.065405491E-47
5.566495478E+00 1.051112688E-47
5.583617228E+00 1.037082867E-47
5.600791641E+00 1.023310721E-47
5.618018880E+00 1.009791035E-47
5.635299108E+00 9.965186840E-48
5.652632488E+00 9.834886300E-48
5.670019182E+00 9.706959194E-48
5.687459356E+00 9.581356812E-48
5.704953173E+00 9.458031239E-48
5.722500799E+00 9.336935338E-48
5.740102398E+00 9.218022728E-48
5.757758138E+00 9.101247757E-48
5.775468184E+00 8.986565492E-48
5.793232703E+00 8.873931690E-48
5.811051864E+00 8.763302788E-48
5.828925834E+00 8.654635879E-48
5.846854782E+00 8.547888700E-48
5.864838877E+00 8.443019617E-48
5.882878288E+00 8.339925632E-48
5.900973186E+00 8.236617933E-48
5.919123741E+00 8.135178464E-48
5.937330125E+00 8.035563450E-48
5.955592509E+00 7.937729849E-48
5.973911066E+00 7.841635336E-48
5.992285967E+00 7.747238290E-48
6.010717388E+00 7.654497784E-48
6.029205501E+00 7.563373575E-48
6.047750480E+00 7.473826095E-48
6.066352502E+00 7.385816444E-48
6.085011740E+00 7.299306388E-48
6.103728372E+00 7.214258350E-48
6.122502573E+00 7.130635411E-48
6.141334521E+00 7.048401308E-48
6.160224394E+00 6.967520437E-48
6.179172369E+00 6.887957850E-48
6.198178625E+00 6.809679264E-48
6.217243342E+00 6.732651064E-48
6.236366700E+00 6.656840306E-48
6.255548878E+00 6.582214731E-48
6.274790058E+00 6.508742764E-48
6.294090420E+00 6.436393535E-48
6.313450148E+00 6.365136879E-48
6.332869424E+00 6.294943353E-48
6.352348431E+00 6.225784248E-48
6.371887352E+00 6.157631599E-48
6.391486373E+00 6.090458199E-48
6.411145677E+00 6.024237611E-48
6.430865450E+00 5.958944184E-48
6.450645879E+00 5.894553064E-48
6.470487149E+00 5.831040205E-48
6.490389448E+00 5.768382383E-48
6.510352964E+00 5.706557209E-48
6.530377885E+00 5.645322092E-48
6.550464400E+00 5.584877493E-48
6.570612698E+00 5.525207397E-48
6.590822969E+00 5.466292794E-48
6.611095404E+00 5.408115545E-48
6.631430194E+00 5.350658385E-48
6.651827532E+00 5.293904925E-48
6.672287608E+00 5.237839651E-48
6.692810617E+00 5.182447919E-48
6.713396752E+00 5.127224158E-48
6.734046207E+00 5.072640291E-48
6.754759176E+00 5.018700566E-48
6.775535856E+00 4.965393622E-48
6.796376441E+00 4.912708910E-48
6.817281130E+00 4.860636679E-48
6.838250118E+00 4.809167954E-48
6.859283604E+00 4.758294511E-48
6.880381786E+00 4.708008852E-48
6.901544863E+00 4.658304174E-48
6.922773035E+00 4.609174346E-48
6.944066501E+00 4.560613867E-48
6.965425463E+00 4.512617841E-48
6.986850122E+00 4.465181939E-48
7.008340681E+00 4.418302359E-48
7.029897341E+00 4.371975797E-48
7.051520307E+00 4.326199402E-48
7.073209782E+00 4.280970741E-48
7.094965970E+00 4.236287760E-48
7.116789078E+00 4.192148748E-48
7.138679310E+00 4.148552295E-48
7.160636873E+00 4.105497259E-48
7.182661975E+00 4.062982726E-48
7.204754823E+00 4.021007978E-48
7.226915625E+00 3.979572457E-48
7.249144591E+00 3.938675734E-48
7.271441930E+00 3.898317473E-48
7.293807852E+00 3.858497411E-48
7.316242569E+00 3.819215320E-48
7.338746292E+00 3.780470989E-48
7.361319233E+00 3.742264193E-48
7.383961605E+00 3.704594679E-48
7.406673622E+00 3.667462135E-48
7.429455498E+00 3.630866178E-48
7.452307448E+00 3.594806332E-48
7.475229687E+00 3.559282008E-48
7.498222432E+00 3.524292487E-48
7.521285899E+00 3.489836899E-48
7.544420306E+00 3.455914202E-48
7.567625871E+00 3.422523156E-48
7.590902813E+00 3.389662289E-48
7.614251352E+00 3.357329868E-48
7.637671707E+00 3.325523844E-48
7.661164100E+00 3.294241805E-48
7.684728753E+00 3.263480896E-48
7.708365887E+00 3.233237744E-48
7.732075725E+00 3.203508348E-48
7.755858492E+00 3.174287966E-48
7.779714411E+00 3.145570979E-48
7.803643707E+00 3.117350746E-48
7.827646606E+00 3.089619458E-48
7.851723335E+00 3.062368006E-48
7.875874121E+00 3.035585879E-48
7.900099191E+00 3.009261131E-48
7.924398774E+00 2.983380433E-48
7.948773099E+00 2.957929257E-48
7.973222396E+00 2.932892201E-48
7.997746895E+00 2.908253493E-48
8.022346828E+00 2.883997619E-48
8.047022428E+00 2.860110067E-48
8.071773925E+00 2.836578083E-48
8.096601555E+00 2.813391340E-48
8.121505552E+00 2.790542432E-48
8.146486149E+00 2.768027081E-48
8.171543583E+00 2.745844042E-48
8.196678090E+00 2.723994711E-48
8.221889908E+00 2.702482496E-48
8.247179273E+00 2.681312071E-48
8.272546425E+00 2.660488597E-48
8.297991603E+00 2.640017036E-48
8.323515046E+00 2.619901591E-48
8.349116996E+00 2.600145326E-48
8.374797694E+00 2.580749955E-48
8.400557382E+00 2.561715771E-48
8.426396303E+00 2.543041695E-48
8.452314701E+00 2.524725399E-48
8.478312820E+00 2.506763465E-48
8.504390906E+00 2.489151572E-48
8.530549204E+00 2.471884670E-48
8.556787962E+00 2.454957153E-48
8.583107426E+00 2.438363004E-48
8.609507845E+00 2.422095918E-48
8.635989468E+00 2.406149406E-48
8.662552545E+00 2.390516881E-48
8.689197326E+00 2.375191717E-48
8.715924063E+00 2.360167305E-48
8.742733007E+00 2.345437086E-48
8.769624412E+00 2.330994583E-48
8.796598531E+00 2.316833414E-48
8.823655618E+00 2.302947313E-48
8.850795929E+00 2.289330134E-48
8.878019720E+00 2.275975855E-48
8.905327248E+00 2.262878586E-48
8.932718769E+00 2.250032562E-48
8.960194543E+00 2.237432151E-48
8.987754829E+00 2.225071842E-48
9.015399886E+00 2.212946253E-48
9.043129975E+00 2.201050118E-48
9.070945358E+00 2.189378293E-48
9.098846298E+00 2.177925745E-48
9.126833056E+00 2.166687554E-48
9.154905898E+00 2.155658908E-48
9.183065088E+00 2.144835098E-48
9.211310892E+00 2.134211518E-48
9.239643576E+00 2.123783660E-48
9.268063407E+00 2.113547111E-48
9.296570653E+00 2.103497551E-48
9.325165584E+00 2.093630751E-48
9.353848469E+00 2.083942570E-48
9.382619578E+00 2.074428951E-48
9.411479183E+00 2.065085921E-48
9.440427556E+00 2.055909587E-48
9.469464970E+00 2.046896135E-48
9.498591699E+00 2.038041830E-48
9.527808018E+00 2.029343007E-48
9.557114202E+00 2.020796080E-48
9.586510527E+00 2.012397530E-48
9.615997272E+00 2.004143909E-48
9.645574713E+00 1.996031837E-48
9.675243131E+00 1.988058001E-48
9.705002804E+00 1.980219151E-48
9.734854014E+00 1.972512103E-48
9.764797042E+00 1.964933733E-48
9.794832171E+00 1.957480978E-48
9.824959683E+00 1.950150836E-48
9.855179864E+00 1.942940360E-48
9.885492997E+00 1.935964297E-48
9.915899369E+00 1.929136542E-48
9.946399267E+00 1.922416255E-48
9.976992978E+00 1.915800762E-48
1.000768079E+01 1.909290704E-48
1.003846300E+01 1.902889600E-48
1.006933988E+01 1.896584898E-48
1.010031174E+01 1.890374154E-48
1.013137886E+01 1.884254965E-48
1.016254155E+01 1.878224978E-48
1.019380008E+01 1.872281882E-48
1.022515476E+01 1.866423410E-48
1.025660589E+01 1.860647338E-48
1.028815375E+01 1.854951483E-48
1.031979865E+01 1.849333705E-48
1.035154088E+01 1.843791902E-48
1.038338075E+01 1.838324013E-48
1.041531856E+01 1.832928014E-48
1.044735460E+01 1.827601921E-48
1.047948917E+01 1.822343784E-48
1.051172259E+01 1.817151694E-48
1.054405516E+01 1.812023772E-48
1.057648718E+01 1.806958180E-48
1.060901895E+01 1.801953110E-48
1.064165078E+01 1.797006789E-48
1.067438299E+01 1.792117479E-48
1.070721588E+01 1.787283471E-48
1.074014975E+01 1.782503091E-48
1.077318492E+01 1.777774695E-48
1.080632171E+01 1.773096670E-48
1.083956042E+01 1.768467434E-48
1.087290137E+01 1.763885433E-48
1.090634487E+01 1.759349144E-48
1.093989124E+01 1.754857073E-48
1.097354079E+01 1.750407752E-48
1.100729384E+01 1.745999742E-48
1.104115071E+01 1.741631634E-48
1.107511172E+01 1.737302043E-48
1.110917720E+01 1.733009610E-48
1.114334745E+01 1.728753005E-48
1.117762280E+01 1.724530923E-48
1.121200358E+01 1.720342084E-48
1.124649011E+01 1.716185232E-48
1.128108272E+01 1.712059139E-48
1.131578172E+01 1.707962598E-48
1.135058746E+01 1.703894431E-48
1.138550026E+01 1.699853479E-48
1.142052044E+01 1.695838610E-48
1.145564834E+01 1.691848715E-48
1.149088428E+01 1.687882709E-48
1.152622861E+01 1.683939529E-48
1.156168165E+01 1.680018137E-48
1.159724374E+01 1.676117516E-48
1.163291522E+01 1.672236674E-48
1.166869641E+01 1.668374640E-48
1.170458766E+01 1.664530469E-48
1.174058931E+01 1.660703236E-48
1.177670170E+01 1.656892039E-48
1.181292516E+01 1.653096002E-48
1.184926004E+01 1.649314270E-48
1.188570668E+01 1.645546011E-48
1.192226542E+01 1.641790419E-48
1.195893662E+01 1.638046708E-48
1.199572061E+01 1.634314120E-48
1.203261774E+01 1.630591921E-48
1.206962836E+01 1.626879400E-48
1.210675283E+01 1.623175872E-48
1.214399148E+01 1.619480681E-48
1.218134467E+01 1.615793196E-48
1.221881276E+01 1.612112812E-48
1.225639609E+01 1.608438955E-48
1.229409502E+01 1.604771081E-48
1.233190991E+01 1.601108676E-48
1.236984112E+01 1.597451257E-48
1.240788899E+01 1.593798377E-48
1.244605389E+01 1.590149624E-48
1.248433619E+01 1.586504622E-48
1.252273623E+01 1.582863037E-48
1.256125439E+01 1.579224576E-48
1.259989102E+01 1.575588990E-48
1.263864650E+01 1.571956080E-48
1.267752118E+01 1.568325698E-48
1.271651543E+01 1.564697754E-48
1.275562963E+01 1.561072216E-48
1.279486413E+01 1.557449121E-48
1.283421932E+01 1.553828576E-48
1.287369555E+01 1.550210770E-48
1.291329321E+01 1.546595978E-48
1.295301267E+01 1.542984574E-48
1.299285429E+01 1.539377038E-48
1.303281847E+01 1.535773971E-48
1.307290557E+01 1.532176110E-48
1.311311597E+01 1.528584343E-48
1.315345005E+01 1.524999729E-48
1.319390819E+01 1.521423524E-48
1.323449078E+01 1.517857204E-48
1.327519819E+01 1.514302498E-48
1.331603082E+01 1.510761428E-48
1.335698904E+01 1.507236354E-48
1.339807324E+01 1.503730024E-48
1.343928381E+01 1.500245643E-48
1.348062114E+01 1.496786950E-48
1.352208561E+01 1.493358311E-48
1.356367763E+01 1.489964837E-48
1.360539757E+01 1.486612521E-48
1.364724584E+01 1.483308419E-48
1.368922283E+01 1.480060863E-48
1.373132894E+01 1.476879733E-48
1.377356455E+01 1.473776798E-48
1.381593008E+01 1.470766157E-48
1.385842592E+01 1.467864789E-48
1.390105247E+01 1.465093279E-48
1.394381013E+01 1.462476762E-48
1.398669931E+01 1.460046165E-48
1.402972041E+01 1.457839876E-48
1.407287384E+01 1.455905997E-48
1.411616000E+01 1.454305437E-48
1.415957930E+01 1.453116231E-48
1.420313216E+01 1.452439649E-48
1.424681897E+01 1.452409033E-48
1.429064016E+01 1.453202812E-48
1.433459614E+01 1.455064150E-48
1.437868732E+01 1.458331375E-48
1.442291412E+01 1.463486525E-48
1.446727696E+01 1.471235493E-48
1.451177625E+01 1.482645634E-48
1.455641241E+01 1.499393243E-48
1.460118587E+01 1.524233739E-48
1.464609704E+01 1.561956402E-48
1.469114635E+01 1.621488935E-48
1.473633423E+01 1.721045732E-48
1.478166110E+01 1.902563467E-48
1.482712739E+01 2.280483930E-48
1.487273353E+01 3.257229294E-48
1.491847995E+01 6.902158568E-48
1.496436707E+01 1.981231490E-47
1.501039534E+01 7.817478588E-48
1.505656518E+01 3.380493537E-48
1.510287704E+01 2.267428406E-48
1.514933134E+01 1.851965687E-48
1.519592853E+01 1.654291154E-48
1.524266905E+01 1.544489037E-48
1.528955334E+01 1.476532839E-48
1.533658183E+01 1.430925134E-48
1.538375498E+01 1.398295910E-48
1.543107322E+01 1.373700034E-48
1.547853701E+01 1.354332078E-48
1.552614679E+01 1.338506377E-48
1.557390301E+01 1.325161590E-48
1.562180613E+01 1.313603016E-48
1.566985658E+01 1.303360815E-48
1.571805484E+01 1.294108213E-48
1.576640134E+01 1.285612384E-48
1.581489655E+01 1.277703912E-48
1.586354093E+01 1.270257215E-48
1.591233493E+01 1.263177671E-48
1.596127901E+01 1.256392935E-48
1.601037363E+01 1.249846974E-48
1.605961927E+01 1.243495876E-48
1.610901638E+01 1.237304866E-48
1.615856542E+01 1.231246142E-48
1.620826687E+01 1.225297290E-48
1.625812120E+01 1.219440096E-48
1.630812887E+01 1.213659663E-48
1.635829036E+01 1.207943726E-48
1.640860614E+01 1.202282136E-48
1.645907668E+01 1.196666452E-48
1.650970246E+01 1.191089629E-48
1.656048396E+01 1.185545763E-48
1.661142166E+01 1.180029893E-48
1.666251603E+01 1.174537846E-48
1.671376756E+01 1.169066104E-48
1.676517674E+01 1.163611700E-48
1.681674404E+01 1.158172135E-48
1.686846995E+01 1.152745309E-48
1.692035497E+01 1.147329459E-48
1.697239958E+01 1.141923117E-48
1.702460427E+01 1.136525066E-48
1.707696953E+01 1.131134309E-48
1.712949587E+01 1.125750040E-48
1.718218376E+01 1.120371622E-48
1.723503372E+01 1.114998566E-48
1.728804623E+01 1.109630516E-48
1.734122181E+01 1.104267234E-48
1.739456094E+01 1.098908586E-48
1.744806414E+01 1.093554538E-48
1.750173191E+01 1.088205140E-48
1.755556475E+01 1.082860523E-48
1.760956317E+01 1.077520894E-48
1.766372769E+01 1.072186530E-48
1.771805880E+01 1.066857771E-48
1.777255704E+01 1.061535023E-48
1.782722290E+01 1.056218748E-48
1.788205690E+01 1.050909471E-48
1.793705957E+01 1.045607772E-48
1.799223142E+01 1.040314289E-48
1.804757296E+01 1.035029717E-48
1.810308473E+01 1.029754811E-48
1.815876725E+01 1.024490385E-48
1.821462104E+01 1.019237318E-48
1.827064663E+01 1.013996554E-48
1.832684454E+01 1.008769108E-48
1.838321531E+01 1.003556070E-48
1.843975947E+01 9.983586124E-49
1.849647755E+01 9.931779986E-49
1.855337009E+01 9.880155898E-49
1.861043762E+01 9.828728573E-49
1.866768068E+01 9.777513955E-49
1.872509981E+01 9.726529370E-49
1.878269556E+01 9.675793716E-49
1.884046846E+01 9.625327676E-49
1.889841907E+01 9.575153988E-49
1.895654792E+01 9.525297756E-49
1.901485557E+01 9.475786829E-49
1.907334256E+01 9.426652261E-49
1.913200946E+01 9.377928869E-49
1.919085680E+01 9.329655907E-49
1.924988515E+01 9.281877898E-49
1.930909506E+01 9.234645664E-49
1.936848709E+01 9.188017591E-49
1.942806181E+01 9.142061227E-49
1.948781977E+01 9.096855277E-49
1.954776153E+01 9.052492144E-49
1.960788767E+01 9.009081177E-49
1.966819875E+01 8.966752864E-49
1.972869533E+01 8.925664297E-49
1.978937800E+01 8.886006377E-49
1.985024731E+01 8.848013414E-49
1.991130385E+01 8.811976082E-49
1.997254820E+01 8.778259157E-49
2.003398092E+01 8.747326131E-49
2.009560260E+01 8.719773987E-49
2.015741381E+01 8.696383179E-49
2.021941516E+01 8.678190946E-49
2.028160720E+01 8.666601309E-49
2.034399055E+01 8.663554274E-49
2.040656577E+01 8.671793642E-49
2.046933347E+01 8.695304806E-49
2.053229423E+01 8.740057454E-49
2.059544865E+01 8.815320741E-49
2.065879733E+01 8.936111751E-49
2.072234085E+01 9.128030946E-49
2.078607983E+01 9.437505359E-49
2.085001486E+01 9.955376788E-49
2.091414654E+01 1.087678652E-48
2.097847549E+01 1.266960489E-48
2.104300230E+01 1.656737512E-48
2.110772758E+01 2.526332550E-48
2.117265195E+01 3.353075885E-48
2.123777602E+01 2.389136233E-48
2.130310040E+01 1.536874626E-48
2.136862572E+01 1.166044923E-48
2.143435257E+01 9.951138924E-49
2.150028160E+01 9.051422783E-49
2.156641341E+01 8.520536703E-49
2.163274863E+01 8.177271347E-49
2.169928789E+01 7.938301897E-49
2.176603182E+01 7.761541286E-49
2.183298104E+01 7.624052115E-49
2.190013619E+01 7.512537353E-49
2.196749790E+01 7.418887418E-49
2.203506680E+01 7.337943019E-49
2.210284354E+01 7.266302775E-49
2.217082874E+01 7.201655025E-49
2.223902306E+01 7.142386989E-49
2.230742714E+01 7.087347524E-49
2.237604162E+01 7.035698388E-49
2.244486714E+01 6.986818299E-49
2.251390436E+01 6.940239481E-49
2.258315394E+01 6.895604741E-49
2.265261651E+01 6.852637840E-49
2.272229274E+01 6.811122679E-49
2.279218328E+01 6.770888419E-49
2.286228880E+01 6.731798697E-49
2.293260995E+01 6.693743692E-49
2.300314741E+01 6.656634228E-49
2.307390182E+01 6.620397318E-49
2.314487386E+01 6.584972790E-49
2.321606421E+01 6.550310677E-49
2.328747352E+01 6.516369207E-49
2.335910248E+01 6.483113218E-49
2.343095176E+01 6.450512918E-49
2.350302204E+01 6.418542893E-49
2.357531400E+01 6.387181319E-49
2.364782832E+01 6.356409325E-49
2.372056568E+01 6.326210478E-49
2.379352677E+01 6.296570363E-49
2.386671228E+01 6.267476241E-49
2.394012289E+01 6.238916769E-49
2.401375931E+01 6.210881764E-49
2.408762222E+01 6.183362010E-49
2.416171233E+01 6.156349103E-49
2.423603032E+01 6.129835309E-49
2.431057691E+01 6.103813460E-49
2.438535279E+01 6.078276853E-49
2.446035867E+01 6.053219175E-49
2.453559526E+01 6.028634432E-49
2.461106326E+01 6.004516896E-49
2.468676340E+01 5.980861053E-49
2.476269638E+01 5.957661562E-49
2.483886291E+01 5.934913220E-49
2.491526373E+01 5.912610929E-49
2.499189954E+01 5.890749672E-49
2.506877107E+01 5.869324486E-49
2.514587905E+01 5.848330440E-49
2.522322420E+01 5.827762622E-49
2.530080726E+01 5.807616111E-49
2.537862894E+01 5.787885973E-49
2.545669000E+01 5.768567235E-49
2.553499116E+01 5.749654878E-49
2.561353317E+01 5.731143819E-49
2.569231676E+01 5.713028901E-49
2.577134268E+01 5.695304877E-49
2.585061166E+01 5.677966400E-49
2.593012447E+01 5.661008008E-49
2.600988185E+01 5.644424114E-49
2.608988455E+01 5.628208989E-49
2.617013333E+01 5.612356756E-49
2.625062895E+01 5.596861373E-49
2.633137215E+01 5.581716623E-49
2.641236371E+01 5.566916105E-49
2.649360439E+01 5.552453216E-49
2.657509495E+01 5.538321147E-49
2.665683617E+01 5.524512868E-49
2.673882881E+01 5.511021124E-49
2.682107365E+01 5.497838421E-49
2.690357146E+01 5.484957018E-49
2.698632303E+01 5.472368925E-49
2.706932912E+01 5.460065894E-49
2.715259053E+01 5.448039414E-49
2.723610805E+01 5.436280711E-49
2.731988244E+01 5.424780742E-49
2.740391452E+01 5.413530197E-49
2.748820507E+01 5.402519501E-49
2.757275488E+01 5.391738817E-49
2.765756476E+01 5.381178048E-49
2.774263550E+01 5.370826846E-49
2.782796791E+01 5.360674621E-49
2.791356278E+01 5.350710546E-49
2.799942094E+01 5.340923573E-49
2.808554318E+01 5.331302446E-49
2.817193032E+01 5.321835713E-49
2.825858318E+01 5.312511745E-49
2.834550256E+01 5.303318751E-49
2.843268930E+01 5.294244803E-49
2.852014421E+01 5.285277849E-49
2.860786813E+01 5.276405742E-49
2.869586187E+01 5.267616259E-49
2.878412626E+01 5.258897125E-49
2.887266214E+01 5.250236041E-49
2.896147035E+01 5.241620705E-49
2.905055172E+01 5.233038842E-49
2.913990709E+01 5.224478231E-49
2.922953730E+01 5.215926727E-49
2.931944321E+01 5.207372293E-49
2.940962565E+01 5.198803024E-49
2.950008548E+01 5.190207176E-49
2.959082355E+01 5.181573191E-49
2.968184072E+01 5.172889721E-49
2.977313785E+01 5.164145660E-49
2.986471579E+01 5.155330160E-49
2.995657541E+01 5.146432663E-49
3.004871759E+01 5.137442915E-49
3.014114317E+01 5.128350997E-49
3.023385305E+01 5.119147338E-49
3.032684808E+01 5.109822740E-49
3.042012916E+01 5.100368390E-49
3.051369716E+01 5.090775880E-49
3.060755295E+01 5.081037224E-49
3.070169744E+01 5.071144866E-49
3.079613150E+01 5.061091694E-49
3.089085602E+01 5.050871052E-49
3.098587191E+01 5.040476747E-49
3.108118005E+01 5.029903056E-49
3.117678134E+01 5.019144729E-49
3.127267669E+01 5.008196997E-49
3.136886701E+01 4.997055571E-49
3.146535318E+01 4.985716642E-49
3.156213614E+01 4.974176882E-49
3.165921679E+01 4.962433439E-49
3.175659604E+01 4.950483935E-49
3.185427482E+01 4.938326459E-49
3.195225404E+01 4.925959562E-49
3.205053464E+01 4.913382245E-49
3.214911753E+01 4.900593956E-49
3.224800365E+01 4.887594574E-49
3.234719393E+01 4.874384400E-49
3.244668930E+01 4.860964145E-49
3.254649071E+01 4.847334916E-49
3.264659909E+01 4.833498203E-49
3.274701539E+01 4.819455864E-49
3.284774056E+01 4.805210109E-49
3.294877554E+01 4.790763487E-49
3.305012129E+01 4.776118866E-49
3.315177877E+01 4.761279420E-49
3.325374893E+01 4.746248610E-49
3.335603274E+01 4.731030169E-49
3.345863116E+01 4.715628084E-49
3.356154516E+01 4.700046578E-49
3.366477570E+01 4.684290095E-49
3.376832377E+01 4.668363283E-49
3.387219034E+01 4.652270974E-49
3.397637638E+01 4.636018171E-49
3.408088289E+01 4.619610030E-49
3.418571084E+01 4.603051845E-49
3.429086123E+01 4.586349032E-49
3.439633505E+01 4.569507111E-49
3.450213329E+01 4.552531697E-49
3.460825695E+01 4.535428478E-49
3.471470703E+01 4.518203209E-49
3.482148454E+01 4.500861691E-49
3.492859048E+01 4.483409765E-49
3.503602586E+01 4.465853293E-49
3.514379170E+01 4.448198151E-49
3.525188901E+01 4.430450216E-49
3.536031882E+01 4.412615354E-49
3.546908213E+01 4.394699412E-49
3.557817999E+01 4.376708207E-49
3.568761342E+01 4.358647516E-49
3.579738345E+01 4.340523072E-49
3.590749112E+01 4.322340547E-49
3.601793746E+01 4.304105557E-49
3.612872352E+01 4.285823642E-49
3.623985034E+01 4.267500271E-49
3.635131897E+01 4.249140827E-49
3.646313046E+01 4.230750609E-49
3.657528587E+01 4.212334822E-49
3.668778625E+01 4.193898575E-49
3.680063267E+01 4.175446875E-49
3.691382619E+01 4.156984627E-49
3.702736788E+01 4.138516627E-49
3.714125880E+01 4.120047563E-49
3.725550004E+01 4.101582009E-49
3.737009266E+01 4.083124424E-49
3.748503776E+01 4.064679155E-49
3.760033641E+01 4.046250427E-49
3.771598970E+01 4.027842349E-49
3.783199873E+01 4.009458912E-49
3.794836458E+01 3.991103987E-49
3.806508836E+01 3.972781325E-49
3.818217117E+01 3.954494557E-49
3.829961410E+01 3.936247198E-49
3.841741827E+01 3.918042641E-49
3.853558479E+01 3.899884164E-49
3.865411478E+01 3.881774926E-49
3.877300935E+01 3.863717972E-49
3.889226961E+01 3.845716231E-49
3.901189671E+01 3.827772520E-49
3.913189176E+01 3.809889543E-49
3.925225590E+01 3.792069895E-49
3.937299027E+01 3.774316064E-49
3.949409599E+01 3.756630428E-49
3.961557422E+01 3.739015264E-49
3.973742610E+01 3.721472745E-49
3.985965278E+01 3.704004943E-49
3.998225541E+01 3.686613833E-49
4.010523514E+01 3.669301293E-49
4.022859315E+01 3.652069108E-49
4.035233059E+01 3.634918970E-49
4.047644862E+01 3.617852483E-49
4.060094843E+01 3.600871164E-49
4.072583118E+01 3.583976447E-49
4.085109805E+01 3.567169681E-49
4.097675023E+01 3.550452138E-49
4.110278889E+01 3.533825013E-49
4.122921523E+01 3.517289426E-49
4.135603044E+01 3.500846428E-49
4.148323571E+01 3.484496998E-49
4.161083225E+01 3.468242052E-49
4.173882126E+01 3.452082442E-49
4.186720395E+01 3.436018962E-49
4.199598152E+01 3.420052350E-49
4.212515519E+01 3.404183292E-49
4.225472618E+01 3.388412426E-49
4.238469572E+01 3.372740349E-49
4.251506502E+01 3.357167620E-49
4.264583532E+01 3.341694768E-49
4.277700785E+01 3.326322304E-49
4.290858385E+01 3.311050726E-49
4.304056456E+01 3.295880535E-49
4.317295122E+01 3.280812254E-49
4.330574509E+01 3.265846456E-49
4.343894741E+01 3.250983790E-49
4.357255944E+01 3.236225040E-49
4.370658244E+01 3.221571191E-49
4.384101768E+01 3.207023542E-49
4.397586642E+01 3.192583873E-49
4.411112994E+01 3.178254720E-49
4.424680951E+01 3.164039834E-49
4.438290641E+01 3.149944974E-49
4.451942193E+01 3.135979369E-49
4.465635735E+01 3.122158578E-49
4.479371396E+01 3.108510484E-49
4.493149306E+01 3.095089134E-49
4.506969595E+01 3.082010708E-49
4.520832393E+01 3.069563334E-49
4.534737831E+01 3.058627521E-49
4.548686041E+01 3.052924787E-49
4.562677153E+01 3.075608513E-49
4.576711299E+01 3.067326999E-49
4.590788613E+01 3.012847381E-49
4.604909227E+01 2.991736873E-49
4.619073273E+01 2.976379521E-49
4.633280887E+01 2.962552877E-49
4.647532200E+01 2.949329552E-49
4.661827349E+01 2.936421945E-49
4.676166468E+01 2.923718715E-49
4.690549692E+01 2.911169638E-49
4.704977156E+01 2.898749340E-49
4.719448998E+01 2.886443803E-49
4.733965352E+01 2.874244677E-49
4.748526357E+01 2.862146653E-49
4.763132150E+01 2.850146140E-49
4.777782868E+01 2.838240571E-49
4.792478649E+01 2.826428009E-49
4.807219633E+01 2.814706919E-49
4.822005957E+01 2.803076028E-49
4.836837763E+01 2.791534243E-49
4.851715188E+01 2.780080589E-49
4.866638375E+01 2.768714177E-49
4.881607463E+01 2.757434177E-49
4.896622595E+01 2.746239802E-49
4.911683910E+01 2.735130295E-49
4.926791552E+01 2.724104925E-49
4.941945663E+01 2.713162975E-49
4.957146386E+01 2.702303742E-49
4.972393864E+01 2.691526532E-49
4.987688241E+01 2.680830660E-49
5.003029661E+01 2.670215446E-49
5.018418270E+01 2.659680215E-49
5.033854212E+01 2.649224296E-49
5.049337632E+01 2.638847022E-49
5.064868677E+01 2.628547727E-49
5.080447494E+01 2.618325750E-49
5.096074229E+01 2.608180431E-49
5.111749029E+01 2.598111114E-49
5.127472043E+01 2.588117142E-49
5.143243419E+01 2.578197865E-49
5.159063305E+01 2.568352631E-49
5.174931851E+01 2.558580794E-49
5.190849206E+01 2.548881707E-49
5.206815521E+01 2.539254729E-49
5.222830945E+01 2.529699220E-49
5.238895631E+01 2.520214542E-49
5.255009730E+01 2.510800061E-49
5.271173394E+01 2.501455146E-49
5.287386774E+01 2.492179168E-49
5.303650025E+01 2.482971503E-49
5.319963299E+01 2.473831528E-49
5.336326750E+01 2.464758624E-49
5.352740533E+01 2.455752177E-49
5.369204803E+01 2.446811575E-49
5.385719714E+01 2.437936209E-49
5.402285423E+01 2.429125476E-49
5.418902085E+01 2.420378776E-49
5.435569858E+01 2.411695510E-49
5.452288899E+01 2.403075087E-49
5.469059365E+01 2.394516917E-49
5.485881415E+01 2.386020417E-49
5.502755207E+01 2.377585004E-49
5.519680900E+01 2.369210102E-49
5.536658654E+01 2.360895140E-49
5.553688630E+01 2.352639549E-49
5.570770987E+01 2.344442764E-49
5.587905887E+01 2.336304228E-49
5.605093492E+01 2.328223383E-49
5.622333963E+01 2.320199680E-49
5.639627464E+01 2.312232572E-49
5.656974157E+01 2.304321517E-49
5.674374206E+01 2.296465978E-49
5.691827775E+01 2.288665422E-49
5.709335028E+01 2.280919320E-49
5.726896132E+01 2.273227148E-49
5.744511251E+01 2.265588388E-49
5.762180551E+01 2.258002523E-49
5.779904200E+01 2.250469044E-49
5.797682365E+01 2.242987444E-49
5.815515212E+01 2.235557224E-49
5.833402911E+01 2.228177885E-49
5.851345629E+01 2.220848937E-49
5.869343537E+01 2.213569891E-49
5.887396804E+01 2.206340264E-49
5.905505600E+01 2.199159579E-49
5.923670097E+01 2.192027360E-49
5.941890464E+01 2.184943140E-49
5.960166875E+01 2.177906452E-49
5.978499502E+01 2.170916837E-49
5.996888517E+01 2.163973839E-49
6.015334094E+01 2.157077006E-49
6.033836407E+01 2.150225893E-49
6.052395631E+01 2.143420055E-49
6.071011940E+01 2.136659056E-49
6.089685511E+01 2.129942461E-49
6.108416518E+01 2.123269842E-49
6.127205140E+01 2.116640773E-49
6.146051552E+01 2.110054835E-49
6.164955934E+01 2.103511611E-49
6.183918462E+01 2.097010690E-49
6.202939317E+01 2.090551663E-49
6.222018677E+01 2.084134127E-49
6.241156723E+01 2.077757684E-49
6.260353634E+01 2.071421939E-49
6.279609593E+01 2.065126501E-49
6.298924780E+01 2.058870983E-49
6.318299378E+01 2.052655003E-49
6.337733569E+01 2.046478183E-49
6.357227537E+01 2.040340148E-49
6.376781466E+01 2.034240529E-49
6.396395540E+01 2.028178959E-49
6.416069944E+01 2.022155076E-49
6.435804864E+01 2.016168521E-49
6.455600485E+01 2.010218941E-49
6.475456995E+01 2.004305985E-49
6.495374581E+01 1.998429306E-49
6.515353430E+01 1.992588562E-49
6.535393732E+01 1.986783414E-49
6.555495675E+01 1.981013525E-49
6.575659448E+01 1.975278566E-49
6.595885242E+01 1.969578208E-49
6.616173248E+01 1.963912127E-49
6.636523658E+01 1.958280002E-49
6.656936662E+01 1.952681517E-49
6.677412453E+01 1.947116359E-49
6.697951225E+01 1.941584217E-49
6.718553172E+01 1.936084785E-49
6.739218487E+01 1.930617761E-49
6.759947365E+01 1.925182846E-49
6.780740003E+01 1.919779743E-49
6.801596596E+01 1.914408160E-49
6.822517341E+01 1.909067807E-49
6.843502435E+01 1.903758399E-49
6.864552077E+01 1.898479653E-49
6.885666464E+01 1.893231291E-49
6.906845796E+01 1.888013035E-49
6.928090272E+01 1.882824612E-49
6.949400094E+01 1.877665754E-49
6.970775461E+01 1.872536193E-49
6.992216576E+01 1.867435666E-49
7.013723641E+01 1.862363912E-49
7.035296859E+01 1.857320674E-49
7.056936432E+01 1.852305697E-49
7.078642566E+01 1.847318730E-49
7.100415465E+01 1.842359524E-49
7.122255335E+01 1.837427834E-49
7.144162380E+01 1.832523417E-49
7.166136809E+01 1.827646032E-49
7.188178828E+01 1.822795443E-49
7.210288645E+01 1.817971416E-49
7.232466468E+01 1.813173718E-49
7.254712508E+01 1.808402121E-49
7.277026973E+01 1.803656399E-49
7.299410074E+01 1.798936328E-49
7.321862022E+01 1.794241688E-49
7.344383030E+01 1.789572259E-49
7.366973309E+01 1.784927827E-49
7.389633072E+01 1.780308178E-49
7.412362534E+01 1.775713102E-49
7.435161908E+01 1.771142390E-49
7.458031410E+01 1.766595838E-49
7.480971255E+01 1.762073241E-49
7.503981660E+01 1.757574399E-49
7.527062841E+01 1.753099113E-49
7.550215017E+01 1.748647189E-49
7.573438406E+01 1.744218430E-49
7.596733227E+01 1.739812648E-49
7.620099699E+01 1.735429651E-49
7.643538043E+01 1.731069254E-49
7.667048480E+01 1.726731272E-49
7.690631232E+01 1.722415522E-49
7.714286522E+01 1.718121824E-49
7.738014571E+01 1.713850000E-49
7.761815605E+01 1.709599873E-49
7.785689847E+01 1.705371271E-49
7.809637523E+01 1.701164022E-49
7.833658858E+01 1.696977954E-49
7.857754080E+01 1.692812902E-49
7.881923415E+01 1.688668698E-49
7.906167092E+01 1.684545180E-49
7.930485339E+01 1.680442185E-49
7.954878385E+01 1.676359555E-49
7.979346461E+01 1.672297129E-49
8.003889797E+01 1.668254754E-49
8.028508625E+01 1.664232275E-49
8.053203177E+01 1.660229538E-49
8.077973686E+01 1.656246395E-49
8.102820386E+01 1.652282695E-49
8.127743510E+01 1.648338293E-49
8.152743295E+01 1.644413043E-49
8.177819975E+01 1.640506802E-49
8.202973788E+01 1.636619427E-49
8.228204970E+01 1.632750780E-49
8.253513759E+01 1.628900722E-49
8.278900395E+01 1.625069115E-49
8.304365117E+01 1.621255826E-49
8.329908164E+01 1.617460721E-49
8.355529778E+01 1.613683667E-49
8.381230201E+01 1.609924536E-49
8.407009674E+01 1.606183197E-49
8.432868442E+01 1.602459525E-49
8.458806747E+01 1.598753393E-49
8.484824835E+01 1.595064678E-49
8.510922951E+01 1.591393257E-49
8.537101341E+01 1.587739008E-49
8.563360252E+01 1.584101813E-49
8.589699932E+01 1.580481553E-49
8.616120628E+01 1.576878112E-49
8.642622591E+01 1.573291374E-49
8.669206071E+01 1.569721224E-49
8.695871317E+01 1.566167551E-49
8.722618582E+01 1.562630244E-49
8.749448118E+01 1.559109192E-49
8.776360177E+01 1.555604286E-49
8.803355014E+01 1.552115421E-49
8.830432884E+01 1.548642489E-49
8.857594041E+01 1.545185387E-49
8.884838742E+01 1.541744010E-49
8.912167244E+01 1.538318257E-49
8.939579804E+01 1.534908028E-49
8.967076682E+01 1.531513224E-49
8.994658136E+01 1.528133747E-49
9.022324426E+01 1.524769504E-49
9.050075815E+01 1.521420410E-49
9.077912562E+01 1.518086404E-49
9.105834932E+01 1.514767625E-49
9.133843186E+01 1.511476505E-49
9.161937590E+01 1.508174588E-49
9.190118409E+01 1.504898600E-49
9.218385908E+01 1.501638153E-49
9.246740353E+01 1.498392298E-49
9.275182013E+01 1.495160872E-49
9.303711155E+01 1.491943772E-49
9.332328049E+01 1.488740908E-49
9.361032964E+01 1.485552193E-49
9.389826172E+01 1.482377544E-49
9.418707943E+01 1.479216878E-49
9.447678551E+01 1.476070115E-49
9.476738268E+01 1.472937174E-49
9.505887369E+01 1.469817975E-49
9.535126128E+01 1.466712442E-49
9.564454821E+01 1.463620497E-49
9.593873726E+01 1.460542064E-49
9.623383118E+01 1.457477067E-49
9.652983278E+01 1.454425434E-49
9.682674483E+01 1.451387089E-49
9.712457014E+01 1.448361963E-49
9.742331152E+01 1.445349981E-49
9.772297179E+01 1.442351076E-49
9.802355377E+01 1.439365176E-49
9.832506030E+01 1.436392214E-49
9.862749421E+01 1.433432121E-49
9.893085838E+01 1.430484830E-49
9.923515564E+01 1.427550276E-49
9.954038888E+01 1.424628393E-49
9.984656098E+01 1.421719117E-49
1.001536748E+02 1.418822385E-49
1.004617333E+02 1.415938133E-49
1.007707393E+02 1.413066300E-49
1.010806958E+02 1.410206825E-49
1.013916057E+02 1.407359648E-49
1.017034718E+02 1.404524710E-49
1.020162973E+02 1.401701951E-49
1.023300849E+02 1.398891315E-49
1.026448377E+02 1.396092744E-49
1.029605586E+02 1.393306182E-49
1.032772507E+02 1.390531573E-49
1.035949168E+02 1.387768864E-49
1.039135601E+02 1.385018000E-49
1.042331834E+02 1.382278929E-49
1.045537899E+02 1.379551597E-49
1.048753825E+02 1.376835954E-49
1.051979643E+02 1.374131950E-49
1.055215383E+02 1.371439533E-49
1.058461075E+02 1.368758655E-49
1.061716751E+02 1.366089267E-49
1.064982441E+02 1.363431322E-49
1.068258176E+02 1.360784773E-49
1.071543986E+02 1.358149574E-49
1.074839903E+02 1.355525680E-49
1.078145958E+02 1.352913045E-49
1.081462182E+02 1.350311626E-49
1.084788606E+02 1.347721381E-49
1.088125262E+02 1.345142266E-49
1.091472181E+02 1.342574240E-49
1.094829394E+02 1.340017262E-49
1.098196934E+02 1.337471293E-49
1.101574831E+02 1.334936294E-49
1.104963119E+02 1.332412225E-49
1.108361829E+02 1.329899049E-49
1.111770992E+02 1.327396729E-49
1.115190642E+02 1.324905230E-49
1.118620810E+02 1.322424515E-49
1.122061529E+02 1.319954552E-49
1.125512830E+02 1.317495305E-49
1.128974748E+02 1.315046742E-49
1.132447314E+02 1.312608831E-49
1.135930561E+02 1.310181542E-49
1.139424522E+02 1.307764843E-49
1.142929230E+02 1.305358706E-49
1.146444718E+02 1.302963103E-49
1.149971019E+02 1.300578004E-49
1.153508167E+02 1.298203385E-49
1.157056194E+02 1.295839218E-49
1.160615134E+02 1.293485481E-49
1.164185022E+02 1.291142148E-49
1.167765889E+02 1.288809197E-49
1.171357771E+02 1.286486606E-49
1.174960701E+02 1.284174355E-49
1.178574714E+02 1.281872424E-49
1.182199842E+02 1.279580795E-49
1.185836121E+02 1.277299449E-49
1.189483584E+02 1.275028372E-49
1.193142267E+02 1.272767549E-49
1.196812203E+02 1.270516964E-49
1.200493427E+02 1.268276607E-49
1.204185974E+02 1.266046466E-49
1.207889879E+02 1.263826531E-49
1.211605177E+02 1.261616795E-49
1.215331903E+02 1.259417250E-49
1.219070091E+02 1.257227891E-49
1.222819777E+02 1.255048715E-49
1.226580997E+02 1.252879720E-49
1.230353786E+02 1.250720906E-49
1.234138180E+02 1.248572275E-49
1.237934213E+02 1.246433830E-49
1.241741923E+02 1.244305577E-49
1.245561345E+02 1.242187523E-49
1.249392515E+02 1.240079680E-49
1.253235468E+02 1.237982059E-49
1.257090243E+02 1.235894675E-49
1.260956874E+02 1.233817546E-49
1.264835398E+02 1.231750692E-49
1.268725852E+02 1.229694135E-49
1.272628272E+02 1.227647903E-49
1.276542696E+02 1.225612024E-49
1.280469160E+02 1.223586532E-49
1.284407701E+02 1.221571463E-49
1.288358357E+02 1.219566857E-49
1.292321164E+02 1.217572759E-49
1.296296161E+02 1.215589217E-49
1.300283383E+02 1.213616287E-49
1.304282870E+02 1.211654025E-49
1.308294659E+02 1.209702497E-49
1.312318788E+02 1.207761772E-49
1.316355294E+02 1.205831925E-49
1.320404216E+02 1.203913041E-49
1.324465592E+02 1.202005207E-49
1.328539460E+02 1.200108523E-49
1.332625858E+02 1.198223092E-49
1.336724826E+02 1.196349030E-49
1.340836402E+02 1.194486461E-49
1.344960624E+02 1.192635520E-49
1.349097532E+02 1.190796351E-49
1.353247164E+02 1.188969114E-49
1.357409560E+02 1.187153979E-49
1.361584759E+02 1.185351132E-49
1.365772801E+02 1.183560777E-49
1.369973724E+02 1.181783194E-49
1.374187568E+02 1.180018428E-49
1.378414374E+02 1.178266918E-49
1.382654181E+02 1.176528898E-49
1.386907029E+02 1.174804667E-49
1.391172958E+02 1.173094555E-49
1.395452008E+02 1.171398925E-49
1.399744220E+02 1.169718172E-49
1.404049635E+02 1.168052726E-49
1.408368292E+02 1.166403059E-49
1.412700233E+02 1.164769687E-49
1.417045498E+02 1.163153175E-49
1.421404128E+02 1.161554146E-49
1.425776166E+02 1.159973282E-49
1.430161651E+02 1.158411335E-49
1.434560625E+02 1.156869136E-49
1.438973129E+02 1.155347600E-49
1.443399206E+02 1.153847744E-49
1.447838897E+02 1.152370693E-49
1.452292244E+02 1.150917698E-49
1.456759289E+02 1.149490155E-49
1.461240073E+02 1.148089619E-49
1.465734640E+02 1.146717834E-49
1.470243032E+02 1.145376753E-49
1.474765290E+02 1.144068578E-49
1.479301459E+02 1.142795788E-49
1.483851580E+02 1.141561192E-49
1.488415697E+02 1.140367977E-49
1.492993852E+02 1.139219775E-49
1.497586089E+02 1.138120733E-49
1.502192451E+02 1.137075612E-49
1.506812982E+02 1.136089892E-49
1.511447724E+02 1.135169912E-49
1.516096723E+02 1.134323036E-49
1.520760021E+02 1.133557857E-49
1.525437663E+02 1.132884456E-49
1.530129692E+02 1.132314719E-49
1.534836154E+02 1.131862745E-49
1.539557092E+02 1.131545359E-49
1.544292551E+02 1.131382776E-49
1.549042575E+02 1.131399452E-49
1.553807210E+02 1.131625208E-49
1.558586500E+02 1.132096714E-49
1.563380491E+02 1.132859467E-49
1.568189227E+02 1.133970489E-49
1.573012755E+02 1.135502028E-49
1.577851118E+02 1.137546726E-49
1.582704364E+02 1.140224970E-49
1.587572538E+02 1.143695534E-49
1.592455686E+02 1.148171314E-49
1.597353853E+02 1.153943159E-49
1.602267087E+02 1.161416934E-49
1.607195433E+02 1.171172937E-49
1.612138938E+02 1.184064561E-49
1.617097648E+02 1.201388901E-49
1.622071611E+02 1.225196265E-49
1.627060872E+02 1.258884827E-49
1.632065480E+02 1.308425958E-49
1.637085482E+02 1.385119988E-49
1.642120924E+02 1.512535261E-49
1.647171855E+02 1.746856835E-49
1.652238322E+02 2.251196867E-49
1.657320372E+02 3.681535285E-49
1.662418054E+02 1.127730350E-48
1.667531416E+02 1.457054726E-45
1.672660506E+02 1.155809240E-48
1.677805372E+02 3.640135035E-49
1.682966063E+02 2.197124145E-49
1.688142627E+02 1.695798498E-49
1.693335114E+02 1.464679822E-49
1.698543572E+02 1.339309906E-49
1.703768051E+02 1.263632084E-49
1.709008600E+02 1.214329537E-49
1.714265267E+02 1.180304053E-49
1.719538104E+02 1.155729845E-49
1.724827159E+02 1.137312016E-49
1.730132482E+02 1.123074208E-49
1.735454124E+02 1.111773141E-49
1.740792134E+02 1.102595290E-49
1.746146563E+02 1.094990412E-49
1.751517462E+02 1.088575673E-49
1.756904881E+02 1.083078138E-49
1.762308871E+02 1.078299034E-49
1.767729483E+02 1.074090869E-49
1.773166767E+02 1.070342359E-49
1.778620777E+02 1.066968293E-49
1.784091561E+02 1.063902543E-49
1.789579174E+02 1.061093171E-49
1.795083665E+02 1.058498934E-49
1.800605087E+02 1.056086753E-49
1.806143493E+02 1.053829857E-49
1.811698934E+02 1.051706393E-49
1.817271462E+02 1.049698387E-49
1.822861131E+02 1.047790947E-49
1.828467993E+02 1.045971708E-49
1.834092101E+02 1.044230084E-49
1.839733507E+02 1.042557445E-49
1.845392266E+02 1.040946270E-49
1.851068431E+02 1.039390194E-49
1.856762054E+02 1.037883763E-49
1.862473191E+02 1.036422281E-49
1.868201894E+02 1.035001691E-49
1.873948217E+02 1.033618471E-49
1.879712216E+02 1.032269555E-49
1.885493943E+02 1.030952261E-49
1.891293455E+02 1.029664240E-49
1.897110805E+02 1.028403423E-49
1.902946048E+02 1.027167986E-49
1.908799240E+02 1.025956313E-49
1.914670435E+02 1.024766973E-49
1.920559690E+02 1.023598691E-49
1.926467058E+02 1.022450331E-49
1.932392597E+02 1.021320878E-49
1.938336363E+02 1.020209422E-49
1.944298410E+02 1.019115146E-49
1.950278796E+02 1.018037317E-49
1.956277576E+02 1.016975273E-49
1.962294808E+02 1.015928417E-49
1.968330548E+02 1.014896209E-49
1.974384853E+02 1.013878160E-49
1.980457781E+02 1.012873827E-49
1.986549387E+02 1.011882807E-49
1.992659731E+02 1.010904734E-49
1.998788869E+02 1.009939274E-49
2.004936860E+02 1.008986123E-49
2.011103761E+02 1.008045005E-49
2.017289630E+02 1.007115664E-49
2.023494527E+02 1.006197869E-49
2.029718508E+02 1.005291409E-49
2.035961634E+02 1.004396088E-49
2.042223963E+02 1.003511729E-49
2.048505554E+02 1.002638168E-49
2.054806466E+02 1.001775255E-49
2.061126759E+02 1.000922852E-49
2.067466492E+02 1.000080833E-49
2.073825725E+02 9.992490817E-50
2.080204518E+02 9.984274917E-50
2.086602932E+02 9.976159648E-50
2.093021026E+02 9.968144111E-50
2.099458861E+02 9.960227477E-50
2.105916499E+02 9.952408988E-50
2.112393999E+02 9.944687948E-50
2.118891422E+02 9.937063718E-50
2.125408831E+02 9.929535713E-50
2.131946287E+02 9.922103397E-50
2.138503851E+02 9.914766283E-50
2.145081585E+02 9.907523923E-50
2.151679551E+02 9.900375911E-50
2.158297812E+02 9.893321877E-50
2.164936429E+02 9.886361488E-50
2.171595466E+02 9.879494441E-50
2.178274986E+02 9.872720463E-50
2.184975050E+02 9.866039311E-50
2.191695723E+02 9.859450767E-50
2.198437068E+02 9.852954640E-50
2.205199148E+02 9.846550761E-50
2.211982027E+02 9.840238981E-50
2.218785769E+02 9.834019176E-50
2.225610439E+02 9.827891239E-50
2.232456101E+02 9.821855081E-50
2.239322819E+02 9.815910630E-50
2.246210658E+02 9.810057834E-50
2.253119682E+02 9.804296653E-50
2.260049958E+02 9.798627063E-50
2.267001551E+02 9.793049055E-50
2.273974526E+02 9.787562631E-50
2.280968948E+02 9.782167808E-50
2.287984885E+02 9.776864615E-50
2.295022401E+02 9.771653089E-50
2.302081564E+02 9.766533284E-50
2.309162440E+02 9.761505260E-50
2.316265096E+02 9.756569090E-50
2.323389598E+02 9.751724854E-50
2.330536014E+02 9.746972643E-50
2.337704412E+02 9.742312557E-50
2.344894859E+02 9.737744703E-50
2.352107422E+02 9.733269199E-50
2.359342171E+02 9.728886170E-50
2.366599172E+02 9.724595746E-50
2.373878495E+02 9.720398069E-50
2.381180208E+02 9.716293285E-50
2.388504380E+02 9.712281549E-50
2.395851080E+02 9.708363021E-50
2.403220378E+02 9.704537868E-50
2.410612342E+02 9.700806266E-50
2.418027043E+02 9.697168394E-50
2.425464551E+02 9.693624439E-50
2.432924935E+02 9.690174593E-50
2.440408267E+02 9.686819055E-50
2.447914616E+02 9.683558029E-50
2.455444054E+02 9.680391724E-50
2.462996651E+02 9.677320355E-50
2.470572479E+02 9.674344144E-50
2.478171609E+02 9.671463317E-50
2.485794112E+02 9.668678104E-50
2.493440062E+02 9.665988741E-50
2.501109529E+02 9.663395472E-50
2.508802587E+02 9.660898542E-50
2.516519307E+02 9.658498203E-50
2.524259763E+02 9.656194711E-50
2.532024028E+02 9.653988328E-50
2.539812174E+02 9.651879321E-50
2.547624275E+02 9.649867961E-50
2.555460406E+02 9.647954523E-50
2.563320639E+02 9.646139290E-50
2.571205049E+02 9.644422546E-50
2.579113711E+02 9.642804582E-50
2.587046698E+02 9.641285694E-50
2.595004086E+02 9.639866181E-50
2.602985950E+02 9.638546350E-50
2.610992365E+02 9.637326510E-50
2.619023407E+02 9.636206975E-50
2.627079151E+02 9.635188066E-50
2.635159673E+02 9.634270108E-50
2.643265050E+02 9.633453430E-50
2.651395357E+02 9.632738368E-50
2.659550673E+02 9.632125261E-50
2.667731073E+02 9.631614456E-50
2.675936635E+02 9.631206303E-50
2.684167436E+02 9.630901158E-50
2.692423553E+02 9.630699384E-50
2.700705066E+02 9.630601349E-50
2.709012051E+02 9.630607427E-50
2.717344587E+02 9.630717997E-50
2.725702753E+02 9.630933445E-50
2.734086628E+02 9.631254165E-50
2.742496290E+02 9.631680589E-50
2.750931819E+02 9.632213025E-50
2.759393294E+02 9.632851987E-50
2.767880796E+02 9.633597862E-50
2.776394404E+02 9.634451082E-50
2.784934199E+02 9.635412084E-50
2.793500261E+02 9.636481318E-50
2.802092671E+02 9.637659239E-50
2.810711510E+02 9.638946317E-50
2.819356859E+02 9.640343030E-50
2.828028800E+02 9.641849868E-50
2.836727415E+02 9.643467335E-50
2.845452786E+02 9.645195949E-50
2.854204994E+02 9.647036242E-50
2.862984123E+02 9.648988761E-50
2.871790256E+02 9.651054074E-50
2.880623475E+02 9.653232767E-50
2.889483863E+02 9.655525447E-50
2.898371505E+02 9.657932746E-50
2.907286484E+02 9.660455323E-50
2.916228884E+02 9.663093866E-50
2.925198790E+02 9.665849096E-50
2.934196286E+02 9.668721774E-50
2.943221457E+02 9.671712703E-50
2.952274388E+02 9.674822733E-50
2.961355165E+02 9.678052771E-50
2.970463873E+02 9.681403788E-50
2.979600597E+02 9.684876829E-50
2.988765426E+02 9.688473025E-50
2.997958443E+02 9.692193604E-50
3.007179738E+02 9.696039915E-50
3.016429395E+02 9.700013440E-50
3.025707504E+02 9.704115828E-50
3.035014150E+02 9.708348921E-50
3.044349423E+02 9.712714792E-50
3.053713409E+02 9.717215799E-50
3.063106198E+02 9.721854638E-50
3.072527877E+02 9.726634425E-50
3.081978536E+02 9.731558791E-50
3.091458265E+02 9.736632011E-50
3.100967151E+02 9.741859161E-50
3.110505285E+02 9.747246339E-50
3.120072758E+02 9.752800943E-50
3.129669658E+02 9.758532061E-50
3.139296078E+02 9.764450983E-50
3.148952106E+02 9.770571929E-50
3.158637836E+02 9.776913050E-50
3.168353357E+02 9.783497880E-50
3.178098762E+02 9.790357432E-50
3.187874142E+02 9.797533329E-50
3.197679590E+02 9.805082586E-50
3.207515198E+02 9.813085099E-50
3.217381060E+02 9.821655791E-50
3.227277267E+02 9.830964997E-50
3.237203913E+02 9.841274217E-50
3.247161092E+02 9.853002026E-50
3.257148899E+02 9.866853234E-50
3.267167426E+02 9.884091594E-50
3.277216769E+02 9.907172461E-50
3.287297022E+02 9.941402712E-50
3.297408281E+02 1.000009665E-49
3.307550640E+02 1.012513034E-49
3.317724196E+02 1.051180902E-49
3.327929044E+02 1.353371048E-49
3.338165281E+02 3.128349283E-49
3.348433004E+02 1.098125686E-49
3.358732308E+02 1.025045303E-49
3.369063291E+02 1.008248428E-49
3.379426051E+02 1.002308633E-49
3.389820686E+02 9.998730729E-50
3.400247293E+02 9.989083043E-50
3.410705970E+02 9.986712041E-50
3.421196817E+02 9.988381866E-50
3.431719933E+02 9.992501426E-50
3.442275416E+02 9.998215013E-50
3.452863366E+02 1.000502956E-49
3.463483883E+02 1.001264500E-49
3.474137068E+02 1.002087037E-49
3.484823020E+02 1.002957966E-49
3.495541840E+02 1.003868706E-49
3.506293630E+02 1.004813264E-49
3.517078492E+02 1.005787356E-49
3.527896525E+02 1.006787866E-49
3.538747834E+02 1.007812486E-49
3.549632520E+02 1.008859485E-49
3.560550685E+02 1.009927550E-49
3.571502433E+02 1.011015675E-49
3.582487867E+02 1.012123083E-49
3.593507091E+02 1.013249172E-49
3.604560208E+02 1.014393476E-49
3.615647323E+02 1.015555633E-49
3.626768541E+02 1.016735365E-49
3.637923966E+02 1.017932470E-49
3.649113703E+02 1.019146814E-49
3.660337858E+02 1.020378353E-49
3.671596538E+02 1.021627256E-49
3.682889847E+02 1.022894766E-49
3.694217893E+02 1.024986060E-49
3.705580783E+02 1.025464257E-49
3.716978623E+02 1.026782171E-49
3.728411521E+02 1.028115057E-49
3.739879585E+02 1.029464275E-49
3.751382923E+02 1.030830117E-49
3.762921644E+02 1.032212701E-49
3.774495857E+02 1.033612103E-49
3.786105670E+02 1.035028384E-49
3.797751193E+02 1.036461604E-49
3.809432536E+02 1.037911822E-49
3.821149810E+02 1.039379100E-49
3.832903123E+02 1.040863501E-49
3.844692589E+02 1.042365091E-49
3.856518317E+02 1.043883939E-49
3.868380420E+02 1.045420115E-49
3.880279008E+02 1.046973692E-49
3.892214195E+02 1.048544746E-49
3.904186093E+02 1.050133352E-49
3.916194815E+02 1.051739590E-49
3.928240474E+02 1.053363540E-49
3.940323184E+02 1.055005283E-49
3.952443058E+02 1.056664903E-49
3.964600211E+02 1.058342484E-49
3.976794759E+02 1.060038112E-49
3.989026814E+02 1.061751875E-49
4.001296494E+02 1.063483861E-49
4.013603914E+02 1.065234159E-49
4.025949189E+02 1.067002860E-49
4.038332437E+02 1.068790056E-49
4.050753774E+02 1.070595839E-49
4.063213317E+02 1.072420304E-49
4.075711184E+02 1.074263544E-49
4.088247493E+02 1.076125656E-49
4.100822361E+02 1.078006737E-49
4.113435908E+02 1.079906884E-49
4.126088253E+02 1.081826194E-49
4.138779514E+02 1.083764768E-49
4.151509812E+02 1.085722707E-49
4.164279266E+02 1.087700112E-49
4.177087998E+02 1.089697084E-49
4.189936127E+02 1.091713727E-49
4.202823775E+02 1.093750144E-49
4.215751064E+02 1.095806441E-49
4.228718116E+02 1.097882723E-49
4.241725052E+02 1.099979097E-49
4.254771996E+02 1.102095670E-49
4.267859070E+02 1.104232550E-49
4.280986398E+02 1.106389848E-49
4.294154104E+02 1.108567673E-49
4.307362312E+02 1.110766136E-49
4.320611147E+02 1.112985351E-49
4.333900733E+02 1.115225429E-49
4.347231196E+02 1.117486486E-49
4.360602661E+02 1.119768636E-49
4.374015256E+02 1.122071996E-49
4.387469105E+02 1.124396683E-49
4.400964337E+02 1.126742816E-49
4.414501078E+02 1.129110514E-49
4.428079456E+02 1.131499900E-49
4.441699600E+02 1.133911094E-49
4.455361637E+02 1.136344222E-49
4.469065696E+02 1.138799408E-49
4.482811907E+02 1.141276779E-49
4.496600400E+02 1.143776465E-49
4.510431304E+02 1.146298595E-49
4.524304750E+02 1.148843303E-49
4.538220869E+02 1.151410725E-49
4.552179791E+02 1.154000997E-49
4.566181650E+02 1.156614262E-49
4.580226576E+02 1.159250663E-49
4.594314702E+02 1.161910351E-49
4.608446161E+02 1.164593479E-49
4.622621087E+02 1.167300206E-49
4.636839613E+02 1.170030700E-49
4.651101873E+02 1.172785136E-49
4.665408002E+02 1.175563702E-49
4.679758134E+02 1.178366596E-49
4.694152405E+02 1.181194036E-49
4.708590951E+02 1.184046264E-49
4.723073908E+02 1.186923547E-49
4.737601412E+02 1.189826196E-49
4.752173601E+02 1.192754573E-49
4.766790612E+02 1.195709115E-49
4.781452583E+02 1.198690363E-49
4.796159652E+02 1.201699010E-49
4.810911958E+02 1.204735973E-49
4.825709639E+02 1.207802514E-49
4.840552837E+02 1.210900434E-49
4.855441690E+02 1.214032424E-49
4.870376338E+02 1.217202706E-49
4.885356924E+02 1.220418286E-49
4.900383588E+02 1.223691591E-49
4.915456472E+02 1.227046585E-49
4.930575718E+02 1.230534742E-49
4.945741468E+02 1.234284429E-49
4.960953866E+02 1.238696292E-49
4.976213056E+02 1.245613795E-49
4.991519180E+02 1.276523050E-49
5.006872384E+02 1.497851213E-49
5.022272812E+02 1.260682198E-49
5.037720610E+02 1.256457088E-49
5.053215923E+02 1.258109138E-49
5.068758897E+02 1.260894612E-49
5.084349680E+02 1.264060863E-49
5.099988417E+02 1.267401711E-49
5.115675257E+02 1.270842303E-49
5.131410347E+02 1.274350248E-49
5.147193836E+02 1.277909739E-49
5.163025873E+02 1.281512364E-49
5.178906608E+02 1.285153353E-49
5.194836189E+02 1.288829869E-49
5.210814767E+02 1.292540169E-49
5.226842493E+02 1.296283157E-49
5.242919518E+02 1.300058143E-49
5.259045993E+02 1.303864694E-49
5.275222072E+02 1.307702549E-49
5.291447906E+02 1.311571566E-49
5.307723648E+02 1.315471681E-49
5.324049452E+02 1.319402893E-49
5.340425471E+02 1.323365240E-49
5.356851861E+02 1.327358793E-49
5.373328777E+02 1.331383647E-49
5.389856373E+02 1.335439917E-49
5.406434805E+02 1.339527728E-49
5.423064231E+02 1.343647222E-49
5.439744806E+02 1.347798546E-49
5.456476688E+02 1.351981856E-49
5.473260035E+02 1.356197315E-49
5.490095006E+02 1.360445089E-49
5.506981758E+02 1.364725352E-49
5.523920452E+02 1.369038279E-49
5.540911246E+02 1.373384050E-49
5.557954302E+02 1.377762848E-49
5.575049780E+02 1.382174857E-49
5.592197841E+02 1.386620266E-49
5.609398647E+02 1.391099266E-49
5.626652361E+02 1.395612049E-49
5.643959144E+02 1.400158809E-49
5.661319161E+02 1.404739743E-49
5.678732574E+02 1.409355051E-49
5.696199549E+02 1.414004932E-49
5.713720249E+02 1.418689589E-49
5.731294841E+02 1.423409226E-49
5.748923490E+02 1.428164049E-49
5.766606362E+02 1.432954264E-49
5.784343624E+02 1.437780081E-49
5.802135443E+02 1.442641712E-49
5.819981988E+02 1.447539367E-49
5.837883425E+02 1.452473262E-49
5.855839926E+02 1.457443612E-49
5.873851657E+02 1.462450634E-49
5.891918791E+02 1.467494547E-49
5.910041496E+02 1.472575572E-49
5.928219944E+02 1.477693932E-49
5.946454306E+02 1.482849850E-49
5.964744755E+02 1.488043551E-49
5.983091463E+02 1.493275264E-49
6.001494602E+02 1.498545218E-49
6.019954347E+02 1.503853644E-49
6.038470871E+02 1.509200774E-49
6.057044350E+02 1.514586843E-49
6.075674958E+02 1.520012089E-49
6.094362871E+02 1.525476750E-49
6.113108265E+02 1.530981067E-49
6.131911318E+02 1.536525284E-49
6.150772206E+02 1.542109647E-49
6.169691108E+02 1.547734405E-49
6.188668201E+02 1.553399808E-49
6.207703665E+02 1.559106113E-49
6.226797680E+02 1.564853578E-49
6.245950425E+02 1.570642466E-49
6.265162081E+02 1.576473046E-49
6.284432830E+02 1.582345593E-49
6.303762852E+02 1.588260390E-49
6.323152331E+02 1.594217731E-49
6.342601450E+02 1.600217922E-49
6.362110391E+02 1.606261287E-49
6.381679339E+02 1.612348178E-49
6.401308478E+02 1.618478980E-49
6.420997993E+02 1.624654132E-49
6.440748071E+02 1.630874154E-49
6.460558897E+02 1.637139695E-49
6.480430658E+02 1.643451616E-49
6.500363542E+02 1.649811151E-49
6.520357737E+02 1.656220222E-49
6.540413431E+02 1.662682128E-49
6.560530814E+02 1.669203194E-49
6.580710075E+02 1.675797300E-49
6.600951404E+02 1.682500887E-49
6.621254993E+02 1.689439208E-49
6.641621033E+02 1.697316795E-49
6.662049716E+02 1.724096642E-49
6.682541234E+02 1.719089588E-49
6.703095782E+02 1.717160574E-49
6.723713552E+02 1.723146974E-49
6.744394740E+02 1.729801909E-49
6.765139540E+02 1.736651747E-49
6.785948148E+02 1.743602136E-49
6.806820761E+02 1.750624424E-49
6.827757574E+02 1.757707672E-49
6.848758787E+02 1.764847080E-49
6.869824596E+02 1.772040370E-49
6.890955200E+02 1.779286428E-49
6.912150800E+02 1.786584729E-49
6.933411594E+02 1.793935071E-49
6.954737783E+02 1.801337434E-49
6.976129568E+02 1.808791915E-49
6.997587152E+02 1.816298680E-49
7.019110736E+02 1.823857941E-49
7.040700523E+02 1.831469946E-49
7.062356718E+02 1.839134962E-49
7.084079524E+02 1.846853274E-49
7.105869146E+02 1.854625181E-49
7.127725790E+02 1.862450989E-49
7.149649662E+02 1.870331015E-49
7.171640969E+02 1.878265579E-49
7.193699918E+02 1.886255008E-49
7.215826717E+02 1.894299636E-49
7.238021575E+02 1.902399798E-49
7.260284701E+02 1.910555833E-49
7.282616305E+02 1.918768087E-49
7.305016598E+02 1.927036908E-49
7.327485792E+02 1.935362647E-49
7.350024097E+02 1.943745668E-49
7.372631727E+02 1.952186390E-49
7.395308895E+02 1.960684381E-49
7.418055815E+02 1.969241651E-49
7.440872700E+02 1.977857343E-49
7.463759768E+02 1.986532084E-49
7.486717233E+02 1.995266262E-49
7.509745311E+02 2.004060255E-49
7.532844221E+02 2.012914440E-49
7.556014180E+02 2.021829196E-49
7.579255406E+02 2.030804905E-49
7.602568119E+02 2.039841950E-49
7.625952538E+02 2.048940720E-49
7.649408885E+02 2.058101604E-49
7.672937380E+02 2.067324995E-49
7.696538246E+02 2.076611288E-49
7.720211704E+02 2.085960882E-49
7.743957978E+02 2.095374180E-49
7.767777293E+02 2.104851588E-49
7.791669873E+02 2.114393513E-49
7.815635942E+02 2.124000369E-49
7.839675728E+02 2.133672572E-49
7.863789457E+02 2.143410543E-49
7.887977356E+02 2.153214708E-49
7.912239654E+02 2.163085500E-49
7.936576579E+02 2.173023355E-49
7.960988361E+02 2.183028721E-49
7.985475231E+02 2.193102056E-49
8.010037418E+02 2.203243831E-49
8.034675155E+02 2.213454540E-49
8.059388675E+02 2.223734705E-49
8.084178209E+02 2.234084896E-49
8.109043993E+02 2.244505762E-49
8.133986260E+02 2.254998087E-49
8.159005247E+02 2.265562916E-49
8.184101188E+02 2.276201819E-49
8.209274320E+02 2.286917571E-49
8.234524882E+02 2.297716112E-49
8.259853111E+02 2.308613623E-49
8.285259246E+02 2.319672371E-49
8.310743526E+02 2.331359678E-49
8.336306193E+02 2.598989804E-49
8.361947486E+02 2.353827708E-49
8.387667649E+02 2.364123022E-49
8.413466923E+02 2.375258971E-49
8.439345552E+02 2.386575591E-49
8.465303780E+02 2.397998111E-49
8.491341852E+02 2.409509025E-49
8.517460013E+02 2.421102778E-49
8.543658510E+02 2.432777371E-49
8.569937590E+02 2.444532126E-49
8.596297501E+02 2.456366931E-49
8.622738491E+02 2.468281947E-49
8.649260809E+02 2.480277480E-49
8.675864707E+02 2.492353915E-49
8.702550434E+02 2.504511688E-49
8.729318243E+02 2.516751263E-49
8.756168386E+02 2.529073129E-49
8.783101116E+02 2.541477788E-49
8.810116687E+02 2.553965754E-49
8.837215355E+02 2.566537550E-49
8.864397374E+02 2.579193708E-49
8.891663001E+02 2.591934765E-49
8.919012493E+02 2.604761263E-49
8.946446109E+02 2.617673751E-49
8.973964106E+02 2.630672783E-49
9.001566745E+02 2.643758917E-49
9.029254285E+02 2.656932717E-49
9.057026989E+02 2.670194749E-49
9.084885117E+02 2.683545586E-49
9.112828933E+02 2.696985804E-49
9.140858701E+02 2.710515984E-49
9.168974683E+02 2.724136711E-49
9.197177147E+02 2.737848575E-49
9.225466357E+02 2.751652169E-49
9.253842581E+02 2.765548093E-49
9.282306087E+02 2.779536948E-49
9.310857141E+02 2.793619342E-49
9.339496015E+02 2.807795888E-49
9.368222978E+02 2.822067202E-49
9.397038301E+02 2.836433906E-49
9.425942256E+02 2.850896626E-49
9.454935116E+02 2.865455993E-49
9.484017153E+02 2.880112646E-49
9.513188642E+02 2.894867227E-49
9.542449859E+02 2.909720384E-49
9.571801079E+02 2.924672776E-49
9.601242580E+02 2.939725066E-49
9.630774638E+02 2.954877930E-49
9.660397533E+02 2.970132056E-49
9.690111543E+02 2.985488153E-49
9.719916950E+02 3.000946954E-49
9.749814034E+02 3.016509241E-49
9.779803076E+02 3.032175875E-49
9.809884361E+02 3.047947871E-49
9.840058172E+02 3.063826582E-49
9.870324793E+02 3.079814184E-49
9.900684510E+02 3.095915299E-49
9.931137609E+02 3.112144078E-49
9.961684378E+02 3.128575711E-49
9.992325104E+02 3.146960312E-49
1.002306008E+03 3.162537698E-49
1.005388959E+03 3.178100733E-49
1.008481392E+03 3.194741609E-49
1.011583338E+03 3.211566334E-49
1.014694824E+03 3.228520258E-49
1.017815881E+03 3.245593227E-49
1.020946538E+03 3.262782685E-49
1.024086825E+03 3.280088108E-49
1.027236771E+03 3.297509681E-49
1.030396405E+03 3.315047879E-49
1.033565758E+03 3.332703315E-49
1.036744859E+03 3.350476674E-49
1.039933739E+03 3.368368682E-49
1.043132428E+03 3.386380093E-49
1.046340955E+03 3.404511678E-49
1.049559351E+03 3.422764222E-49
1.052787647E+03 3.441138520E-49
1.056025872E+03 3.459635378E-49
1.059274057E+03 3.478255610E-49
1.062532234E+03 3.497000035E-49
1.065800432E+03 3.515869483E-49
1.069078683E+03 3.534864788E-49
1.072367017E+03 3.553986792E-49
1.075665466E+03 3.573236344E-49
1.078974060E+03 3.592614298E-49
1.082292831E+03 3.612121518E-49
1.085621810E+03 3.631758871E-49
1.088961028E+03 3.651527232E-49
1.092310518E+03 3.671427483E-49
1.095670310E+03 3.691460512E-49
1.099040436E+03 3.711627216E-49
1.102420928E+03 3.731928497E-49
1.105811818E+03 3.752365270E-49
1.109213138E+03 3.772938373E-49
1.112624920E+03 3.793648900E-49
1.116047196E+03 3.814497654E-49
1.119479999E+03 3.835485604E-49
1.122923361E+03 3.856613701E-49
1.126377313E+03 3.877882907E-49
1.129841890E+03 3.899294194E-49
1.133317123E+03 3.920848552E-49
1.136803046E+03 3.942546995E-49
1.140299690E+03 3.964390571E-49
1.143807090E+03 3.986380398E-49
1.147325278E+03 4.008517722E-49
1.150854288E+03 4.030804106E-49
1.154394152E+03 4.053241987E-49
1.157944904E+03 4.075836992E-49
1.161506579E+03 4.098612724E-49
1.165079208E+03 4.121892585E-49
1.168662826E+03 4.145729416E-49
1.172257467E+03 4.167753374E-49
1.175863164E+03 4.191038519E-49
1.179479952E+03 4.214526421E-49
1.183107865E+03 4.238181127E-49
1.186746937E+03 4.261997317E-49
1.190397202E+03 4.285974252E-49
1.194058694E+03 4.310112346E-49
1.197731449E+03 4.334412402E-49
1.201415501E+03 4.358875379E-49
1.205110885E+03 4.383502315E-49
1.208817634E+03 4.408294289E-49
1.212535786E+03 4.433252408E-49
1.216265374E+03 4.458377795E-49
1.220006433E+03 4.483671592E-49
1.223759000E+03 4.509134949E-49
1.227523108E+03 4.534769030E-49
1.231298795E+03 4.560575009E-49
1.235086095E+03 4.586554070E-49
1.238885045E+03 4.612707406E-49
1.242695679E+03 4.639036222E-49
1.246518034E+03 4.665541729E-49
1.250352147E+03 4.692225151E-49
1.254198052E+03 4.719087719E-49
1.258055787E+03 4.746130677E-49
1.261925388E+03 4.773355274E-49
1.265806892E+03 4.800762774E-49
1.269700334E+03 4.828354448E-49
1.273605752E+03 4.856131577E-49
1.277523182E+03 4.884095454E-49
1.281452662E+03 4.912247382E-49
1.285394228E+03 4.940588677E-49
1.289347918E+03 4.969120664E-49
1.293313769E+03 4.997844685E-49
1.297291819E+03 5.026762098E-49
1.301282104E+03 5.055874281E-49
1.305284663E+03 5.085182646E-49
1.309299533E+03 5.114688657E-49
1.313326752E+03 5.144393889E-49
1.317366359E+03 5.174300186E-49
1.321418391E+03 5.204410240E-49
1.325482886E+03 5.234730438E-49
1.329559883E+03 5.265298335E-49
1.333649420E+03 5.304489454E-49
1.337751537E+03 5.326980869E-49
1.341866270E+03 5.358028972E-49
1.345993660E+03 5.389360317E-49
1.350133746E+03 5.420912904E-49
1.354286565E+03 5.452681338E-49
1.358452158E+03 5.484665506E-49
1.362630564E+03 5.516866387E-49
1.366821822E+03 5.549285288E-49
1.371025972E+03 5.581923645E-49
1.375243053E+03 5.614782957E-49
1.379473105E+03 5.647864758E-49
1.383716169E+03 5.681170606E-49
1.387972283E+03 5.714702079E-49
1.392241489E+03 5.748460772E-49
1.396523826E+03 5.782448293E-49
1.400819335E+03 5.816666266E-49
1.405128056E+03 5.851116328E-49
1.409450030E+03 5.885800131E-49
1.413785298E+03 5.920719339E-49
1.418133901E+03 5.955875631E-49
1.422495879E+03 5.991270697E-49
1.426871275E+03 6.026906244E-49
1.431260128E+03 6.062783990E-49
1.435662481E+03 6.098905670E-49
1.440078375E+03 6.135273031E-49
1.444507851E+03 6.171887834E-49
1.448950952E+03 6.208751858E-49
1.453407719E+03 6.245866897E-49
1.457878195E+03 6.283234759E-49
1.462362421E+03 6.320857276E-49
1.466860440E+03 6.358753466E-49
1.471372295E+03 6.396908929E-49
1.475898027E+03 6.435324790E-49
1.480437679E+03 6.474003090E-49
1.484991295E+03 6.512946230E-49
1.489558918E+03 6.552157744E-49
1.494140589E+03 6.591648509E-49
1.498736354E+03 6.631615196E-49
1.503346254E+03 6.671555304E-49
1.507970333E+03 6.711696719E-49
1.512608636E+03 6.752249253E-49
1.517261205E+03 6.793088978E-49
1.521928085E+03 6.834210552E-49
1.526609320E+03 6.875614579E-49
1.531304953E+03 6.917302681E-49
1.536015029E+03 6.959276755E-49
1.540739593E+03 7.001538811E-49
1.545478690E+03 7.044090909E-49
1.550232362E+03 7.086935144E-49
1.555000657E+03 7.130073639E-49
1.559783618E+03 7.173508536E-49
1.564581291E+03 7.217248987E-49
1.569393721E+03 7.261303447E-49
1.574220953E+03 7.305660920E-49
1.579063033E+03 7.350323626E-49
1.583920006E+03 7.395293804E-49
1.588791919E+03 7.440573712E-49
1.593678818E+03 7.486165627E-49
1.598580747E+03 7.532071845E-49
1.603497755E+03 7.578294681E-49
1.608429886E+03 7.624836471E-49
1.613377188E+03 7.671699569E-49
1.618339707E+03 7.718886352E-49
1.623317490E+03 7.766399218E-49
1.628310584E+03 7.814240589E-49
1.633319036E+03 7.862412917E-49
1.638342893E+03 7.910918692E-49
1.643382203E+03 7.959760473E-49
1.648437013E+03 8.008940961E-49
1.653507371E+03 8.058463324E-49
1.658593325E+03 8.108333066E-49
1.663694923E+03 8.158585789E-49
1.668812212E+03 8.209625590E-49
1.673945241E+03 8.260020162E-49
1.679094059E+03 8.311269557E-49
1.684258714E+03 8.362885855E-49
1.689439254E+03 8.414863118E-49
1.694635730E+03 8.467202700E-49
1.699848188E+03 8.519906946E-49
1.705076680E+03 8.572978456E-49
1.710321253E+03 8.626419928E-49
1.715581959E+03 8.680234111E-49
1.720858845E+03 8.734423790E-49
1.726151962E+03 8.788991779E-49
1.731461361E+03 8.843940923E-49
1.736787090E+03 8.899274088E-49
1.742129200E+03 8.954994168E-49
1.747487742E+03 9.011104083E-49
1.752862766E+03 9.067606776E-49
1.758254323E+03 9.124505218E-49
1.763662464E+03 9.181802404E-49
1.769087239E+03 9.239501354E-49
1.774528700E+03 9.297605117E-49
1.779986898E+03 9.356116766E-49
1.785461885E+03 9.415039405E-49
1.790953712E+03 9.474376165E-49
1.796462431E+03 9.534130209E-49
1.801988094E+03 9.594304741E-49
1.807530754E+03 9.654903019E-49
1.813090462E+03 9.715928405E-49
1.818667270E+03 9.777384562E-49
1.824261233E+03 9.839276560E-49
1.829872401E+03 9.901626544E-49
1.835500828E+03 9.964825937E-49
1.841146568E+03 1.002758277E-48
1.846809674E+03 1.009122897E-48
1.852490198E+03 1.015533270E-48
1.858188194E+03 1.021989150E-48
1.863903717E+03 1.028490795E-48
1.869636820E+03 1.035038533E-48
1.875387558E+03 1.041632712E-48
1.881155983E+03 1.048273684E-48
1.886942152E+03 1.054961812E-48
1.892746118E+03 1.061697457E-48
1.898567936E+03 1.068480987E-48
1.904407661E+03 1.075312774E-48
1.910265349E+03 1.082193190E-48
1.916141054E+03 1.089122614E-48
1.922034831E+03 1.096101426E-48
1.927946737E+03 1.103130011E-48
1.933876828E+03 1.110208755E-48
1.939825158E+03 1.117338050E-48
1.945791785E+03 1.124518291E-48
1.951776764E+03 1.131751002E-48
1.957780152E+03 1.139036831E-48
1.963802006E+03 1.146374820E-48
1.969842382E+03 1.153765380E-48
1.975901337E+03 1.161208929E-48
1.981978929E+03 1.168705900E-48
1.988075214E+03 1.176256781E-48
1.994190251E+03 1.183862485E-48
2.000324097E+03 1.191601398E-48
2.006476810E+03 1.199237485E-48
2.012648448E+03 1.207006388E-48
2.018839068E+03 1.214832380E-48
2.025048731E+03 1.222714922E-48
2.031277493E+03 1.230654355E-48
2.037525414E+03 1.238651106E-48
2.043792553E+03 1.246705621E-48
2.050078968E+03 1.254818354E-48
2.056384720E+03 1.262989768E-48
2.062709867E+03 1.271220327E-48
2.069054470E+03 1.279510502E-48
2.075418587E+03 1.287860767E-48
2.081802280E+03 1.296271600E-48
2.088205608E+03 1.304743486E-48
2.094628632E+03 1.313276913E-48
2.101071412E+03 1.321872371E-48
2.107534009E+03 1.330530359E-48
2.114016484E+03 1.339251376E-48
2.120518899E+03 1.348035931E-48
2.127041314E+03 1.356884532E-48
2.133583791E+03 1.365797698E-48
2.140146391E+03 1.374775951E-48
2.146729177E+03 1.383819828E-48
2.153332211E+03 1.392929900E-48
2.159955555E+03 1.402106995E-48
2.166599272E+03 1.411375416E-48
2.173263423E+03 1.420663161E-48
2.179948073E+03 1.430041939E-48
2.186653284E+03 1.439490515E-48
2.193379119E+03 1.449008611E-48
2.200125641E+03 1.458596708E-48
2.206892915E+03 1.468255357E-48
2.213681004E+03 1.477985128E-48
2.220489972E+03 1.487786595E-48
2.227319884E+03 1.497660345E-48
2.234170804E+03 1.507606965E-48
2.241042796E+03 1.517627050E-48
2.247935925E+03 1.527721203E-48
2.254850257E+03 1.537890029E-48
2.261785856E+03 1.548134141E-48
2.268742788E+03 1.558454155E-48
2.275721118E+03 1.568850697E-48
2.282720913E+03 1.579324396E-48
2.289742238E+03 1.589875887E-48
2.296785160E+03 1.600505812E-48
2.303849745E+03 1.611214822E-48
2.310936060E+03 1.622003577E-48
2.318044171E+03 1.632872762E-48
2.325174145E+03 1.643823198E-48
2.332326051E+03 1.654861166E-48
2.339499954E+03 1.665970459E-48
2.346695924E+03 1.677166665E-48
2.353914027E+03 1.688447706E-48
2.361154332E+03 1.699813324E-48
2.368416907E+03 1.711264147E-48
2.375701821E+03 1.722800871E-48
2.383009143E+03 1.734424207E-48
2.390338940E+03 1.746134877E-48
2.397691283E+03 1.757933611E-48
2.405066241E+03 1.769821146E-48
2.412463883E+03 1.781798225E-48
2.419884279E+03 1.793865601E-48
2.427327500E+03 1.806024031E-48
2.434793614E+03 1.818274282E-48
2.442282694E+03 1.830617126E-48
2.449794808E+03 1.843053344E-48
2.457330029E+03 1.855583725E-48
2.464888427E+03 1.868209064E-48
2.472470074E+03 1.880930169E-48
2.480075040E+03 1.893747859E-48
2.487703399E+03 1.906663000E-48
2.495355221E+03 1.919676910E-48
2.503030579E+03 1.932799177E-48
2.510729546E+03 1.946000945E-48
2.518452193E+03 1.959313650E-48
2.526198594E+03 1.972728133E-48
2.533968822E+03 1.986245113E-48
2.541762951E+03 1.999865442E-48
2.549581052E+03 2.013589997E-48
2.557423201E+03 2.027419668E-48
2.565289472E+03 2.041355353E-48
2.573179938E+03 2.055397961E-48
2.581094674E+03 2.069548410E-48
2.589033754E+03 2.083807627E-48
2.596997254E+03 2.098176546E-48
2.604985249E+03 2.112656114E-48
2.612997814E+03 2.127247282E-48
2.621035024E+03 2.141951016E-48
2.629096955E+03 2.156768289E-48
2.637183684E+03 2.171700084E-48
2.645295286E+03 2.186747402E-48
2.653431839E+03 2.201911277E-48
2.661593418E+03 2.217193082E-48
2.669780101E+03 2.232601849E-48
2.677991966E+03 2.248112063E-48
2.686229089E+03 2.263751938E-48
2.694491548E+03 2.279513621E-48
2.702779421E+03 2.295398056E-48
2.711092787E+03 2.311406298E-48
2.719431723E+03 2.327539424E-48
2.727796308E+03 2.343798525E-48
2.736186622E+03 2.360184705E-48
2.744602744E+03 2.376699078E-48
2.753044752E+03 2.393342769E-48
2.761512726E+03 2.410116915E-48
2.770006747E+03 2.427022664E-48
2.778526895E+03 2.444061176E-48
2.787073249E+03 2.461233622E-48
2.795645890E+03 2.478541184E-48
2.804244900E+03 2.495985061E-48
2.812870359E+03 2.513566466E-48
2.821522348E+03 2.531286662E-48
2.830200950E+03 2.549147635E-48
2.838906246E+03 2.567149300E-48
2.847638319E+03 2.585291784E-48
2.856397249E+03 2.603579168E-48
2.865183122E+03 2.622011627E-48
2.873996018E+03 2.640590400E-48
2.882836021E+03 2.659316785E-48
2.891703215E+03 2.678192097E-48
2.900597684E+03 2.697217667E-48
2.909519510E+03 2.716394841E-48
2.918468779E+03 2.735724977E-48
2.927445574E+03 2.755209448E-48
2.936449981E+03 2.774849640E-48
2.945482084E+03 2.794646953E-48
2.954541968E+03 2.814602803E-48
2.963629720E+03 2.834718619E-48
2.972745424E+03 2.854995849E-48
2.981889166E+03 2.875435960E-48
2.991061034E+03 2.896040510E-48
3.000261113E+03 2.916820850E-48
3.009489490E+03 2.937748479E-48
3.018746252E+03 2.958854641E-48
3.028031487E+03 2.980131400E-48
3.037345281E+03 3.001580114E-48
3.046687724E+03 3.023202327E-48
3.056058902E+03 3.044999616E-48
3.065458906E+03 3.066973575E-48
3.074887822E+03 3.089125817E-48
3.084345740E+03 3.111457971E-48
3.093832749E+03 3.133971684E-48
3.103348939E+03 3.156668617E-48
3.112894400E+03 3.179550452E-48
3.122469221E+03 3.202618885E-48
3.132073492E+03 3.225875633E-48
3.141707305E+03 3.249322432E-48
3.151370751E+03 3.272961050E-48
3.161063920E+03 3.296793469E-48
3.170786903E+03 3.320823880E-48
3.180539793E+03 3.345045391E-48
3.190322682E+03 3.369468927E-48
3.200135661E+03 3.394093346E-48
3.209978824E+03 3.418920457E-48
3.219852263E+03 3.443952132E-48
3.229756071E+03 3.469190267E-48
3.239690342E+03 3.494636782E-48
3.249655169E+03 3.520293615E-48
3.259650647E+03 3.546162727E-48
3.269676869E+03 3.572246096E-48
3.279733931E+03 3.598545723E-48
3.289821926E+03 3.625063630E-48
3.299940951E+03 3.651801861E-48
3.310091101E+03 3.678762484E-48
3.320272471E+03 3.705947612E-48
3.330485157E+03 3.733359952E-48
3.340729256E+03 3.761000094E-48
3.351004865E+03 3.788870837E-48
3.361312080E+03 3.816975042E-48
3.371650998E+03 3.845314503E-48
3.382021718E+03 3.873891416E-48
3.392424336E+03 3.902708021E-48
3.402858952E+03 3.931766580E-48
3.413325662E+03 3.961069385E-48
3.423824567E+03 3.990618748E-48
3.434355765E+03 4.020417008E-48
3.444919356E+03 4.050466529E-48
3.455515438E+03 4.080769699E-48
3.466144113E+03 4.111328933E-48
3.476805480E+03 4.142146674E-48
3.487499640E+03 4.173225416E-48
3.498226693E+03 4.204568609E-48
3.508986741E+03 4.236175916E-48
3.519779886E+03 4.268052289E-48
3.530606229E+03 4.300199978E-48
3.541465872E+03 4.332621372E-48
3.552358918E+03 4.365319079E-48
3.563285470E+03 4.398295750E-48
3.574245629E+03 4.431554065E-48
3.585239501E+03 4.465096734E-48
3.596267189E+03 4.498926496E-48
3.607328796E+03 4.533046119E-48
3.618424427E+03 4.567458400E-48
3.629554186E+03 4.602166169E-48
3.640718179E+03 4.637172286E-48
3.651916511E+03 4.672479658E-48
3.663149288E+03 4.708091564E-48
3.674416614E+03 4.744010125E-48
3.685718598E+03 4.780238410E-48
3.697055345E+03 4.816780149E-48
3.708426962E+03 4.853638055E-48
3.719833556E+03 4.890815188E-48
3.731275236E+03 4.928314657E-48
3.742752108E+03 4.966139608E-48
3.754264282E+03 5.004293220E-48
3.765811866E+03 5.042778705E-48
3.777394968E+03 5.081599314E-48
3.789013699E+03 5.120758329E-48
3.800668166E+03 5.160259072E-48
3.812358482E+03 5.200104904E-48
3.824084755E+03 5.240299271E-48
3.835847096E+03 5.280933787E-48
3.847645617E+03 5.321746995E-48
3.859480428E+03 5.363007346E-48
3.871351642E+03 5.404630157E-48
3.883259370E+03 5.446618962E-48
3.895203724E+03 5.488977373E-48
3.907184817E+03 5.531709045E-48
3.919202763E+03 5.574817676E-48
3.931257674E+03 5.618307002E-48
3.943349664E+03 5.662180801E-48
3.955478847E+03 5.706442892E-48
3.967645338E+03 5.751097139E-48
3.979849252E+03 5.796147451E-48
3.992090702E+03 5.841597848E-48
4.004369806E+03 5.887454742E-48
4.016686679E+03 5.933714379E-48
4.029041437E+03 5.980388743E-48
4.041434196E+03 6.027479359E-48
4.053865073E+03 6.074990366E-48
4.066334186E+03 6.122925972E-48
4.078841653E+03 6.171290434E-48
4.091387590E+03 6.220088056E-48
4.103972117E+03 6.269323192E-48
4.116595352E+03 6.319000240E-48
4.129257415E+03 6.369123651E-48
4.141958424E+03 6.419697925E-48
4.154698500E+03 6.470727639E-48
4.167477762E+03 6.522222621E-48
4.180296332E+03 6.574171670E-48
4.193154329E+03 6.626595271E-48
4.206051877E+03 6.679493033E-48
4.218989095E+03 6.732869708E-48
4.231966106E+03 6.786730146E-48
4.244983032E+03 6.841079257E-48
4.258039997E+03 6.895922005E-48
4.271137123E+03 6.951263411E-48
4.284274534E+03 7.007108550E-48
4.297452354E+03 7.063462555E-48
4.310670707E+03 7.120330620E-48
4.323929718E+03 7.177718040E-48
4.337229511E+03 7.235635048E-48
4.350570213E+03 7.294071899E-48
4.363951949E+03 7.353049184E-48
4.377374845E+03 7.412567376E-48
4.390839029E+03 7.472631995E-48
4.404344626E+03 7.533248645E-48
4.417891764E+03 7.594422994E-48
4.431480572E+03 7.656160777E-48
4.445111176E+03 7.718467789E-48
4.458783707E+03 7.781349893E-48
4.472498292E+03 7.844813020E-48
4.486255061E+03 7.908863182E-48
4.500054145E+03 7.973508197E-48
4.513895672E+03 8.038748838E-48
4.527779774E+03 8.104596578E-48
4.541706581E+03 8.171056041E-48
4.555676226E+03 8.238133515E-48
4.569688838E+03 8.305835403E-48
4.583744552E+03 8.374168185E-48
4.597843499E+03 8.443138414E-48
4.611985813E+03 8.512752717E-48
4.626171626E+03 8.583017796E-48
4.640401073E+03 8.653940433E-48
4.654674287E+03 8.725527506E-48
4.668991404E+03 8.797941535E-48
4.683352558E+03 8.870722601E-48
4.697757885E+03 8.944344713E-48
4.712207521E+03 9.018659461E-48
4.726701602E+03 9.093674066E-48
4.741240265E+03 9.169395854E-48
4.755823646E+03 9.245832240E-48
4.770451884E+03 9.322990721E-48
4.785125117E+03 9.400878880E-48
4.799843482E+03 9.479504388E-48
4.814607119E+03 9.558875008E-48
4.829416166E+03 9.638998772E-48
4.844270764E+03 9.719883114E-48
4.859171053E+03 9.801536312E-48
4.874117173E+03 9.883966643E-48
4.889109265E+03 9.967182202E-48
4.904147470E+03 1.005119128E-47
4.919231931E+03 1.013600228E-47
4.934362790E+03 1.022162367E-47
4.949540189E+03 1.030806405E-47
4.964764271E+03 1.039533211E-47
4.980035181E+03 1.048343663E-47
4.995353062E+03 1.057238663E-47
5.010718058E+03 1.066219076E-47
5.026130315E+03 1.075285818E-47
5.041589978E+03 1.084439832E-47
5.057097193E+03 1.093682037E-47
5.072652105E+03 1.103013370E-47
5.088254862E+03 1.112434783E-47
5.103905611E+03 1.121947238E-47
5.119604500E+03 1.131551707E-47
5.135351676E+03 1.141249174E-47
5.151147289E+03 1.151040636E-47
5.166991486E+03 1.160927243E-47
5.182884418E+03 1.170909575E-47
5.198826234E+03 1.180989095E-47
5.214817085E+03 1.191166707E-47
5.230857121E+03 1.201443462E-47
5.246946495E+03 1.211820424E-47
5.263085357E+03 1.222298672E-47
5.279273860E+03 1.232879295E-47
5.295512156E+03 1.243563397E-47
5.311800399E+03 1.254352092E-47
5.328138743E+03 1.265246521E-47
5.344527341E+03 1.276247799E-47
5.360966347E+03 1.287357081E-47
5.377455918E+03 1.298575559E-47
5.393996209E+03 1.309904402E-47
5.410587375E+03 1.321344805E-47
5.427229573E+03 1.332897976E-47
5.443922960E+03 1.344565136E-47
5.460667694E+03 1.356347522E-47
5.477463932E+03 1.368246385E-47
5.494311833E+03 1.380262999E-47
5.511211556E+03 1.392398625E-47
5.528163260E+03 1.404654551E-47
5.545167104E+03 1.417032113E-47
5.562223251E+03 1.429532623E-47
5.579331859E+03 1.442157421E-47
5.596493092E+03 1.454907861E-47
5.613707109E+03 1.467785314E-47
5.630974075E+03 1.480791167E-47
5.648294151E+03 1.493926823E-47
5.665667502E+03 1.507193749E-47
5.683094290E+03 1.520593230E-47
5.700574681E+03 1.534126862E-47
5.718108839E+03 1.547796073E-47
5.735696929E+03 1.561602344E-47
5.753339118E+03 1.575547179E-47
5.771035572E+03 1.589632095E-47
5.788786457E+03 1.603858632E-47
5.806591942E+03 1.618228344E-47
5.824452194E+03 1.632742847E-47
5.842367382E+03 1.647404126E-47
5.860337674E+03 1.662213309E-47
5.878363240E+03 1.677172095E-47
5.896444250E+03 1.692282107E-47
5.914580875E+03 1.707545010E-47
5.932773286E+03 1.722962491E-47
5.951021654E+03 1.738536253E-47
5.969326151E+03 1.754268021E-47
5.987686950E+03 1.770159543E-47
6.006104225E+03 1.786212689E-47
6.024578148E+03 1.802428909E-47
6.043108895E+03 1.818810347E-47
6.061696639E+03 1.835358718E-47
6.080341557E+03 1.852075868E-47
6.099043824E+03 1.868963667E-47
6.117803616E+03 1.886024006E-47
6.136621111E+03 1.903258795E-47
6.155496486E+03 1.920669972E-47
6.174429918E+03 1.938259531E-47
6.193421588E+03 1.956029322E-47
6.212471673E+03 1.973981481E-47
6.231580353E+03 1.992117988E-47
6.250747809E+03 2.010440891E-47
6.269974221E+03 2.028952262E-47
6.289259771E+03 2.047654198E-47
6.308604641E+03 2.066548817E-47
6.328009013E+03 2.085638274E-47
6.347473069E+03 2.104924713E-47
6.366996995E+03 2.124410340E-47
6.386580973E+03 2.144097382E-47
6.406225189E+03 2.163988079E-47
6.425929828E+03 2.184084699E-47
6.445695075E+03 2.204389539E-47
6.465521117E+03 2.224904922E-47
6.485408142E+03 2.245633198E-47
6.505356336E+03 2.266577024E-47
6.525365888E+03 2.287737949E-47
6.545436986E+03 2.309119259E-47
6.565569821E+03 2.330723129E-47
6.585764581E+03 2.352552044E-47
6.606021457E+03 2.374608517E-47
6.626340641E+03 2.396895093E-47
6.646722323E+03 2.419414344E-47
6.667166697E+03 2.442168954E-47
6.687673954E+03 2.465161301E-47
6.708244289E+03 2.488394294E-47
6.728877896E+03 2.511870546E-47
6.749574968E+03 2.535592775E-47
6.770335702E+03 2.559563732E-47
6.791160293E+03 2.583786200E-47
6.812048937E+03 2.608262994E-47
6.833001832E+03 2.632997007E-47
6.854019175E+03 2.657990966E-47
6.875101165E+03 2.683247928E-47
6.896247999E+03 2.708770791E-47
6.917459878E+03 2.734562526E-47
6.938737002E+03 2.760626141E-47
6.960079571E+03 2.786964678E-47
6.981487788E+03 2.813581212E-47
7.002961852E+03 2.840479915E-47
7.024501968E+03 2.867660736E-47
7.046108338E+03 2.895130045E-47
7.067781167E+03 2.922889995E-47
7.089520657E+03 2.950943831E-47
7.111327016E+03 2.979294836E-47
7.133200447E+03 3.007946330E-47
7.155141159E+03 3.036901670E-47
7.177149356E+03 3.066164260E-47
7.199225248E+03 3.095737474E-47
7.221369042E+03 3.125624837E-47
7.243580948E+03 3.155829830E-47
7.265861174E+03 3.186355993E-47
7.288209931E+03 3.217206903E-47
7.310627429E+03 3.248386176E-47
7.333113880E+03 3.279897513E-47
7.355669497E+03 3.311744462E-47
7.378294492E+03 3.343930894E-47
7.400989077E+03 3.376460536E-47
7.423753468E+03 3.409337195E-47
7.446587879E+03 3.442564719E-47
7.469492526E+03 3.476146996E-47
7.492467624E+03 3.510087959E-47
7.515513390E+03 3.544391563E-47
7.538630041E+03 3.579061816E-47
7.561817796E+03 3.614102777E-47
7.585076874E+03 3.649518530E-47
7.608407493E+03 3.685313203E-47
7.631809873E+03 3.721490966E-47
7.655284236E+03 3.758056032E-47
7.678830803E+03 3.795012658E-47
7.702449796E+03 3.832365102E-47
7.726141437E+03 3.870117737E-47
7.749905951E+03 3.908274924E-47
7.773743561E+03 3.946841078E-47
7.797654491E+03 3.985820655E-47
7.821638969E+03 4.025218157E-47
7.845697219E+03 4.065038126E-47
7.869829469E+03 4.105285109E-47
7.894035947E+03 4.145963765E-47
7.918316880E+03 4.187078741E-47
7.942672498E+03 4.228634739E-47
7.967103030E+03 4.270636501E-47
7.991608707E+03 4.313088812E-47
8.016189760E+03 4.355996484E-47
8.040846421E+03 4.399364376E-47
8.065578923E+03 4.443197400E-47
8.090387498E+03 4.487500489E-47
8.115272380E+03 4.532278620E-47
8.140233805E+03 4.577536808E-47
8.165272008E+03 4.623280129E-47
8.190387225E+03 4.669513593E-47
8.215579693E+03 4.716242399E-47
8.240849649E+03 4.763471686E-47
8.266197331E+03 4.811206645E-47
8.291622980E+03 4.859452503E-47
8.317126835E+03 4.908214521E-47
8.342709135E+03 4.957498030E-47
8.368370123E+03 5.007308223E-47
8.394110041E+03 5.057650582E-47
8.419929131E+03 5.108530442E-47
8.445827637E+03 5.159953211E-47
8.471805803E+03 5.211924318E-47
8.497863874E+03 5.264449240E-47
8.524002096E+03 5.317533392E-47
8.550220716E+03 5.371182329E-47
8.576519980E+03 5.425401552E-47
8.602900137E+03 5.480196591E-47
8.629361436E+03 5.535572994E-47
8.655904126E+03 5.591536323E-47
8.682528457E+03 5.648092141E-47
8.709234682E+03 5.705246012E-47
8.736023050E+03 5.763003535E-47
8.762893816E+03 5.821370283E-47
8.789847233E+03 5.880351836E-47
8.816883554E+03 5.939953767E-47
8.844003035E+03 6.000181669E-47
8.871205932E+03 6.061041002E-47
8.898492502E+03 6.122537397E-47
8.925863000E+03 6.184676339E-47
8.953317687E+03 6.247463317E-47
8.980856820E+03 6.310903793E-47
9.008480660E+03 6.375003283E-47
9.036189467E+03 6.439766895E-47
9.063983502E+03 6.505200247E-47
9.091863028E+03 6.571308537E-47
9.119828307E+03 6.638096995E-47
9.147879603E+03 6.705570787E-47
9.176017181E+03 6.773735068E-47
9.204241307E+03 6.842594665E-47
9.232552245E+03 6.912154697E-47
9.260950265E+03 6.982419935E-47
9.289435632E+03 7.053395108E-47
9.318008616E+03 7.125084834E-47
9.346669487E+03 7.197493617E-47
9.375418515E+03 7.270625771E-47
9.404255970E+03 7.344485562E-47
9.433182126E+03 7.419077032E-47
9.462197254E+03 7.494404073E-47
9.491301628E+03 7.570470401E-47
9.520495524E+03 7.647279518E-47
9.549779216E+03 7.724834734E-47
9.579152980E+03 7.803139140E-47
9.608617094E+03 7.882195573E-47
9.638171835E+03 7.962006618E-47
9.667817482E+03 8.042574659E-47
9.697554316E+03 8.123901486E-47
9.727382615E+03 8.205989023E-47
9.757302662E+03 8.288838565E-47
9.787314739E+03 8.372451117E-47
9.817419129E+03 8.456827312E-47
9.847616115E+03 8.541967379E-47
9.877905984E+03 8.627871066E-47
9.908289019E+03 8.714537750E-47
9.938765509E+03 8.801966260E-47
9.969335739E+03 8.890154917E-47
1.000000000E+04 8.979101539E-47
