1.000000e+00 1.222168e-33
1.003076e+00 1.256379e-33
1.006161e+00 1.281478e-33
1.009256e+00 1.306110e-33
1.012360e+00 1.332586e-33
1.015474e+00 1.348096e-33
1.018598e+00 1.359482e-33
1.021731e+00 1.360403e-33
1.024873e+00 1.356797e-33
1.028026e+00 1.354298e-33
1.031188e+00 1.338634e-33
1.034360e+00 1.302127e-33
1.037541e+00 1.269926e-33
1.040733e+00 1.238254e-33
1.043934e+00 1.203814e-33
1.047145e+00 1.181420e-33
1.050366e+00 1.148454e-33
1.053596e+00 1.099408e-33
1.056837e+00 1.054302e-33
1.060088e+00 1.005692e-33
1.063348e+00 9.535478e-34
1.066619e+00 9.121641e-34
1.069900e+00 8.705497e-34
1.073191e+00 8.477981e-34
1.076492e+00 1.276790e-33
1.079803e+00 7.614649e-34
1.083124e+00 6.981092e-34
1.086456e+00 6.634622e-34
1.089797e+00 6.210278e-34
1.093149e+00 5.708110e-34
1.096512e+00 5.438095e-34
1.099885e+00 4.930138e-34
1.103268e+00 4.423255e-34
1.106661e+00 3.954775e-34
1.110065e+00 3.534109e-34
1.113479e+00 3.141977e-34
1.116904e+00 2.786197e-34
1.120340e+00 2.454112e-34
1.123786e+00 2.065700e-34
1.127242e+00 1.735844e-34
1.130710e+00 1.473653e-34
1.134188e+00 1.194891e-34
1.137676e+00 9.862934e-35
1.141175e+00 8.169221e-35
1.144686e+00 6.510096e-35
1.148206e+00 5.313948e-35
1.151738e+00 4.348627e-35
1.155281e+00 3.450529e-35
1.158834e+00 2.812850e-35
1.162399e+00 2.317830e-35
1.165974e+00 1.865924e-35
1.169561e+00 1.539378e-35
1.173158e+00 1.274239e-35
1.176766e+00 1.035043e-35
1.180386e+00 8.593890e-36
1.184017e+00 7.156711e-36
1.187658e+00 5.867337e-36
1.191312e+00 4.904490e-36
1.194976e+00 4.110457e-36
1.198651e+00 3.399791e-36
1.202338e+00 2.860567e-36
1.206036e+00 2.412499e-36
1.209746e+00 2.011764e-36
1.213467e+00 1.713321e-36
1.217200e+00 1.488032e-36
1.220943e+00 1.281230e-36
1.224699e+00 1.119408e-36
1.228466e+00 9.810380e-37
1.232244e+00 8.535704e-37
1.236035e+00 7.526751e-37
1.239837e+00 6.657896e-37
1.243650e+00 5.854316e-37
1.247475e+00 5.212720e-37
1.251313e+00 4.656936e-37
1.255161e+00 4.140555e-37
1.259022e+00 3.726413e-37
1.262895e+00 3.366149e-37
1.266779e+00 3.029591e-37
1.270676e+00 2.775668e-37
1.274584e+00 2.598449e-37
1.278504e+00 2.427384e-37
1.282437e+00 2.299282e-37
1.286382e+00 2.190586e-37
1.290338e+00 2.084729e-37
1.294307e+00 2.017190e-37
1.298288e+00 1.966320e-37
1.302282e+00 1.916178e-37
1.306287e+00 1.909997e-37
1.310305e+00 1.923016e-37
1.314336e+00 1.935892e-37
1.318378e+00 2.021439e-37
1.322433e+00 2.141745e-37
1.326501e+00 2.264443e-37
1.330581e+00 2.579848e-37
1.334674e+00 2.997490e-37
1.338779e+00 3.437129e-37
1.342897e+00 5.071006e-37
1.347028e+00 7.547699e-37
1.351171e+00 1.025928e-36
1.355327e+00 1.668868e-36
1.359496e+00 2.432851e-36
1.363677e+00 3.051737e-36
1.367872e+00 2.553054e-36
1.372079e+00 1.451805e-36
1.376299e+00 4.158130e-37
1.380533e+00 1.433876e-37
1.384779e+00 9.039537e-38
1.389038e+00 4.937496e-38
1.393311e+00 3.146222e-38
1.397596e+00 2.212207e-38
1.401895e+00 1.444327e-38
1.406207e+00 1.029508e-38
1.410533e+00 7.652834e-39
1.414871e+00 5.411534e-39
1.419223e+00 4.061524e-39
1.423588e+00 3.122757e-39
1.427967e+00 2.311242e-39
1.432359e+00 1.788861e-39
1.436765e+00 1.407003e-39
1.441185e+00 1.072722e-39
1.445617e+00 8.476681e-40
1.450064e+00 6.777536e-40
1.454524e+00 5.276659e-40
1.458998e+00 4.228947e-40
1.463486e+00 3.411754e-40
1.467987e+00 2.688599e-40
1.472502e+00 2.173963e-40
1.477032e+00 1.770915e-40
1.481575e+00 1.412448e-40
1.486132e+00 1.152391e-40
1.490703e+00 9.461130e-41
1.495288e+00 7.619228e-41
1.499888e+00 6.262047e-41
1.504501e+00 5.174623e-41
1.509129e+00 4.200549e-41
1.513770e+00 3.473518e-41
1.518427e+00 2.886217e-41
1.523097e+00 2.358774e-41
1.527782e+00 1.960210e-41
1.532481e+00 1.634966e-41
1.537195e+00 1.342660e-41
1.541923e+00 1.120147e-41
1.546666e+00 9.383045e-42
1.551423e+00 7.746029e-42
1.556195e+00 6.489741e-42
1.560982e+00 5.458128e-42
1.565783e+00 4.528152e-42
1.570599e+00 3.809323e-42
1.575430e+00 3.216583e-42
1.580276e+00 2.681633e-42
1.585137e+00 2.265455e-42
1.590012e+00 1.921007e-42
1.594903e+00 1.609844e-42
1.599809e+00 1.368083e-42
1.604729e+00 1.170624e-42
1.609665e+00 9.910172e-43
1.614616e+00 8.493257e-43
1.619583e+00 7.308432e-43
1.624564e+00 6.229576e-43
1.629561e+00 5.373617e-43
1.634574e+00 4.655439e-43
1.639601e+00 4.000780e-43
1.644645e+00 3.478354e-43
1.649703e+00 3.038455e-43
1.654777e+00 2.636983e-43
1.659867e+00 2.314609e-43
1.664973e+00 2.042079e-43
1.670094e+00 1.793001e-43
1.675231e+00 1.594506e-43
1.680384e+00 1.432705e-43
1.685552e+00 1.282630e-43
1.690737e+00 1.159625e-43
1.695937e+00 1.053715e-43
1.701154e+00 9.552517e-44
1.706386e+00 8.737865e-44
1.711635e+00 8.031661e-44
1.716900e+00 7.373286e-44
1.722181e+00 6.822547e-44
1.727478e+00 6.341247e-44
1.732791e+00 5.891066e-44
1.738121e+00 5.509651e-44
1.743467e+00 5.173151e-44
1.748830e+00 4.857203e-44
1.754209e+00 4.584523e-44
1.759605e+00 4.338860e-44
1.765017e+00 4.107969e-44
1.770446e+00 3.906699e-44
1.775892e+00 3.725471e-44
1.781354e+00 3.554285e-44
1.786833e+00 3.402507e-44
1.792329e+00 3.264114e-44
1.797842e+00 3.132717e-44
1.803372e+00 3.014233e-44
1.808919e+00 2.904864e-44
1.814483e+00 2.800504e-44
1.820064e+00 2.704903e-44
1.825662e+00 2.615649e-44
1.831278e+00 2.530095e-44
1.836911e+00 2.451610e-44
1.842561e+00 2.379582e-44
1.848228e+00 2.309631e-44
1.853913e+00 2.243468e-44
1.859615e+00 2.180206e-44
1.865335e+00 2.118710e-44
1.871073e+00 2.060156e-44
1.876828e+00 2.003929e-44
1.882601e+00 1.949231e-44
1.888392e+00 1.896870e-44
1.894200e+00 1.846416e-44
1.900026e+00 1.797306e-44
1.905870e+00 1.750092e-44
1.911733e+00 1.704475e-44
1.917613e+00 1.660052e-44
1.923511e+00 1.617227e-44
1.929428e+00 1.575807e-44
1.935362e+00 1.535441e-44
1.941315e+00 1.496393e-44
1.947286e+00 1.458513e-44
1.953276e+00 1.421590e-44
1.959284e+00 1.385805e-44
1.965310e+00 1.351049e-44
1.971355e+00 1.317166e-44
1.977419e+00 1.284279e-44
1.983501e+00 1.252308e-44
1.989602e+00 1.221136e-44
1.995722e+00 1.190846e-44
2.001860e+00 1.161377e-44
2.008018e+00 1.132642e-44
2.014194e+00 1.104657e-44
2.020390e+00 1.077348e-44
2.026604e+00 1.050740e-44
2.032838e+00 1.024861e-44
2.039090e+00 9.996712e-45
2.045362e+00 9.751202e-45
2.051654e+00 9.512221e-45
2.057964e+00 9.279474e-45
2.064294e+00 9.052573e-45
2.070644e+00 8.831573e-45
2.077013e+00 8.616244e-45
2.083401e+00 8.406287e-45
2.089809e+00 8.201700e-45
2.096237e+00 8.002299e-45
2.102685e+00 7.807846e-45
2.109153e+00 7.618293e-45
2.115640e+00 7.433477e-45
2.122148e+00 7.253236e-45
2.128675e+00 7.077514e-45
2.135223e+00 6.906178e-45
2.141790e+00 6.739069e-45
2.148378e+00 6.576116e-45
2.154986e+00 6.417208e-45
2.161615e+00 6.262208e-45
2.168263e+00 6.111042e-45
2.174933e+00 5.963611e-45
2.181622e+00 5.819797e-45
2.188333e+00 5.679524e-45
2.195064e+00 5.542705e-45
2.201815e+00 5.409236e-45
2.208588e+00 5.279045e-45
2.215381e+00 5.152055e-45
2.222196e+00 5.028168e-45
2.229031e+00 4.907312e-45
2.235887e+00 4.789416e-45
2.242764e+00 4.674397e-45
2.249662e+00 4.562186e-45
2.256582e+00 4.452719e-45
2.263523e+00 4.345919e-45
2.270485e+00 4.241723e-45
2.277469e+00 4.140071e-45
2.284474e+00 4.040893e-45
2.291501e+00 3.944128e-45
2.298549e+00 3.849723e-45
2.305619e+00 3.757614e-45
2.312711e+00 3.667744e-45
2.319825e+00 3.580067e-45
2.326960e+00 3.494519e-45
2.334118e+00 3.411046e-45
2.341297e+00 3.329603e-45
2.348498e+00 3.250135e-45
2.355722e+00 3.172593e-45
2.362968e+00 3.096935e-45
2.370236e+00 3.023110e-45
2.377527e+00 2.951073e-45
2.384840e+00 2.880783e-45
2.392175e+00 2.812196e-45
2.399533e+00 2.745267e-45
2.406913e+00 2.679961e-45
2.414317e+00 2.616234e-45
2.421743e+00 2.554047e-45
2.429192e+00 2.493365e-45
2.436664e+00 2.434149e-45
2.444159e+00 2.376363e-45
2.451676e+00 2.319975e-45
2.459217e+00 2.264948e-45
2.466782e+00 2.211248e-45
2.474369e+00 2.158846e-45
2.481980e+00 2.107708e-45
2.489614e+00 2.057802e-45
2.497272e+00 2.009101e-45
2.504953e+00 1.961572e-45
2.512658e+00 1.915188e-45
2.520387e+00 1.869922e-45
2.528139e+00 1.825746e-45
2.535915e+00 1.782632e-45
2.543715e+00 1.740555e-45
2.551539e+00 1.699491e-45
2.559388e+00 1.659413e-45
2.567260e+00 1.620299e-45
2.575156e+00 1.582124e-45
2.583077e+00 1.544866e-45
2.591022e+00 1.508502e-45
2.598992e+00 1.473011e-45
2.606986e+00 1.438371e-45
2.615005e+00 1.404562e-45
2.623048e+00 1.371563e-45
2.631116e+00 1.339354e-45
2.639209e+00 1.307918e-45
2.647327e+00 1.277234e-45
2.655470e+00 1.247283e-45
2.663638e+00 1.218050e-45
2.671831e+00 1.189516e-45
2.680049e+00 1.161664e-45
2.688292e+00 1.134478e-45
2.696561e+00 1.107941e-45
2.704855e+00 1.082037e-45
2.713175e+00 1.056752e-45
2.721521e+00 1.032070e-45
2.729891e+00 1.007976e-45
2.738288e+00 9.844576e-46
2.746711e+00 9.614994e-46
2.755159e+00 9.390875e-46
2.763634e+00 9.172099e-46
2.772134e+00 8.958529e-46
2.780661e+00 8.750036e-46
2.789214e+00 8.546506e-46
2.797793e+00 8.347815e-46
2.806399e+00 8.153840e-46
2.815031e+00 7.964478e-46
2.823689e+00 7.779612e-46
2.832375e+00 7.599129e-46
2.841087e+00 7.422932e-46
2.849826e+00 7.250913e-46
2.858591e+00 7.082967e-46
2.867384e+00 6.919005e-46
2.876203e+00 6.758925e-46
2.885050e+00 6.602631e-46
2.893924e+00 6.450040e-46
2.902826e+00 6.301057e-46
2.911754e+00 6.155593e-46
2.920710e+00 6.013570e-46
2.929694e+00 5.874901e-46
2.938705e+00 5.739504e-46
2.947744e+00 5.607304e-46
2.956811e+00 5.478223e-46
2.965906e+00 5.352182e-46
2.975029e+00 5.229115e-46
2.984180e+00 5.108947e-46
2.993358e+00 4.991605e-46
3.002566e+00 4.877027e-46
3.011801e+00 4.765145e-46
3.021065e+00 4.655891e-46
3.030357e+00 4.549207e-46
3.039678e+00 4.445029e-46
3.049028e+00 4.343294e-46
3.058406e+00 4.243949e-46
3.067813e+00 4.146934e-46
3.077250e+00 4.052192e-46
3.086715e+00 3.959671e-46
3.096209e+00 3.869318e-46
3.105733e+00 3.781078e-46
3.115285e+00 3.694904e-46
3.124868e+00 3.610745e-46
3.134479e+00 3.528552e-46
3.144120e+00 3.448281e-46
3.153791e+00 3.369884e-46
3.163492e+00 3.293315e-46
3.173222e+00 3.218534e-46
3.182983e+00 3.145497e-46
3.192773e+00 3.074159e-46
3.202594e+00 3.004485e-46
3.212444e+00 2.936433e-46
3.222325e+00 2.869962e-46
3.232237e+00 2.805039e-46
3.242179e+00 2.741624e-46
3.252151e+00 2.679681e-46
3.262154e+00 2.619178e-46
3.272188e+00 2.560078e-46
3.282253e+00 2.502348e-46
3.292349e+00 2.445956e-46
3.302476e+00 2.390872e-46
3.312634e+00 2.337061e-46
3.322823e+00 2.284497e-46
3.333043e+00 2.233148e-46
3.343295e+00 2.182985e-46
3.353579e+00 2.133982e-46
3.363894e+00 2.086110e-46
3.374241e+00 2.039342e-46
3.384619e+00 1.993653e-46
3.395030e+00 1.949017e-46
3.405473e+00 1.905409e-46
3.415947e+00 1.862805e-46
3.426454e+00 1.821182e-46
3.436994e+00 1.780514e-46
3.447565e+00 1.740782e-46
3.458169e+00 1.701963e-46
3.468806e+00 1.664034e-46
3.479476e+00 1.626976e-46
3.490178e+00 1.590767e-46
3.500914e+00 1.555387e-46
3.511682e+00 1.520818e-46
3.522483e+00 1.487040e-46
3.533318e+00 1.454034e-46
3.544186e+00 1.421783e-46
3.555087e+00 1.390269e-46
3.566022e+00 1.359473e-46
3.576991e+00 1.329381e-46
3.587993e+00 1.299975e-46
3.599029e+00 1.271238e-46
3.610100e+00 1.243156e-46
3.621204e+00 1.215713e-46
3.632342e+00 1.188894e-46
3.643515e+00 1.162685e-46
3.654721e+00 1.137071e-46
3.665963e+00 1.112038e-46
3.677239e+00 1.087573e-46
3.688550e+00 1.063664e-46
3.699895e+00 1.040295e-46
3.711275e+00 1.017456e-46
3.722691e+00 9.951336e-47
3.734141e+00 9.733156e-47
3.745627e+00 9.519910e-47
3.757148e+00 9.311481e-47
3.768704e+00 9.107751e-47
3.780296e+00 8.908619e-47
3.791924e+00 8.713977e-47
3.803587e+00 8.523714e-47
3.815287e+00 8.337737e-47
3.827022e+00 8.155945e-47
3.838793e+00 7.978234e-47
3.850601e+00 7.804519e-47
3.862445e+00 7.634705e-47
3.874325e+00 7.468697e-47
3.886242e+00 7.306413e-47
3.898195e+00 7.147766e-47
3.910186e+00 6.992667e-47
3.922213e+00 6.841042e-47
3.934277e+00 6.692807e-47
3.946378e+00 6.547881e-47
3.958517e+00 6.406194e-47
3.970693e+00 6.267669e-47
3.982906e+00 6.132230e-47
3.995157e+00 5.999812e-47
4.007446e+00 5.870343e-47
4.019772e+00 5.743752e-47
4.032136e+00 5.619979e-47
4.044538e+00 5.498957e-47
4.056979e+00 5.380621e-47
4.069458e+00 5.264912e-47
4.081975e+00 5.151770e-47
4.094530e+00 5.041134e-47
4.107124e+00 4.932950e-47
4.119757e+00 4.827161e-47
4.132429e+00 4.723710e-47
4.145140e+00 4.622547e-47
4.157890e+00 4.523619e-47
4.170679e+00 4.426872e-47
4.183507e+00 4.332262e-47
4.196375e+00 4.239737e-47
4.209282e+00 4.149249e-47
4.222230e+00 4.060754e-47
4.235217e+00 3.974207e-47
4.248244e+00 3.889560e-47
4.261310e+00 3.806775e-47
4.274418e+00 3.725807e-47
4.287565e+00 3.646614e-47
4.300753e+00 3.569159e-47
4.313982e+00 3.493401e-47
4.327251e+00 3.419301e-47
4.340561e+00 3.346823e-47
4.353912e+00 3.275931e-47
4.367304e+00 3.206586e-47
4.380737e+00 3.138757e-47
4.394211e+00 3.072409e-47
4.407728e+00 3.007506e-47
4.421285e+00 2.944019e-47
4.434884e+00 2.881915e-47
4.448525e+00 2.821162e-47
4.462208e+00 2.761731e-47
4.475934e+00 2.703592e-47
4.489701e+00 2.646716e-47
4.503510e+00 2.591075e-47
4.517363e+00 2.536642e-47
4.531257e+00 2.483388e-47
4.545195e+00 2.431289e-47
4.559175e+00 2.380319e-47
4.573199e+00 2.330450e-47
4.587265e+00 2.281662e-47
4.601375e+00 2.233928e-47
4.615528e+00 2.187224e-47
4.629725e+00 2.141530e-47
4.643965e+00 2.096822e-47
4.658249e+00 2.053077e-47
4.672578e+00 2.010275e-47
4.686950e+00 1.968396e-47
4.701366e+00 1.927418e-47
4.715827e+00 1.887322e-47
4.730332e+00 1.848088e-47
4.744882e+00 1.809697e-47
4.759476e+00 1.772130e-47
4.774116e+00 1.735371e-47
4.788800e+00 1.699400e-47
4.803530e+00 1.664200e-47
4.818305e+00 1.629756e-47
4.833126e+00 1.596048e-47
4.847992e+00 1.563063e-47
4.862903e+00 1.530784e-47
4.877861e+00 1.499195e-47
4.892864e+00 1.468282e-47
4.907914e+00 1.438030e-47
4.923010e+00 1.408424e-47
4.938153e+00 1.379450e-47
4.953342e+00 1.351095e-47
4.968578e+00 1.323344e-47
4.983860e+00 1.296186e-47
4.999190e+00 1.269607e-47
5.014567e+00 1.243594e-47
5.029991e+00 1.218136e-47
5.045462e+00 1.193220e-47
5.060981e+00 1.168834e-47
5.076548e+00 1.144968e-47
5.092163e+00 1.121610e-47
5.107826e+00 1.098749e-47
5.123537e+00 1.076374e-47
5.139296e+00 1.054475e-47
5.155104e+00 1.033042e-47
5.170960e+00 1.012065e-47
5.186865e+00 9.915338e-48
5.202819e+00 9.714387e-48
5.218822e+00 9.517710e-48
5.234875e+00 9.325215e-48
5.250977e+00 9.136807e-48
5.267128e+00 8.952406e-48
5.283329e+00 8.771926e-48
5.299580e+00 8.595278e-48
5.315880e+00 8.422386e-48
5.332231e+00 8.253170e-48
5.348632e+00 8.087548e-48
5.365084e+00 7.925449e-48
5.381586e+00 7.766798e-48
5.398139e+00 7.611518e-48
5.414743e+00 7.459542e-48
5.431398e+00 7.310801e-48
5.448104e+00 7.165222e-48
5.464862e+00 7.022745e-48
5.481671e+00 6.883302e-48
5.498532e+00 6.746828e-48
5.515445e+00 6.613264e-48
5.532409e+00 6.482550e-48
5.549426e+00 6.354622e-48
5.566496e+00 6.229427e-48
5.583617e+00 6.106909e-48
5.600792e+00 5.987007e-48
5.618019e+00 5.869673e-48
5.635299e+00 5.754854e-48
5.652633e+00 5.642494e-48
5.670019e+00 5.532548e-48
5.687459e+00 5.424966e-48
5.704953e+00 5.319697e-48
5.722501e+00 5.216698e-48
5.740102e+00 5.115922e-48
5.757758e+00 5.017324e-48
5.775468e+00 4.920862e-48
5.793233e+00 4.826494e-48
5.811052e+00 4.734176e-48
5.828926e+00 4.643871e-48
5.846855e+00 4.555539e-48
5.864839e+00 4.469140e-48
5.882878e+00 4.384638e-48
5.900973e+00 4.301998e-48
5.919124e+00 4.221181e-48
5.937330e+00 4.142155e-48
5.955592e+00 4.064887e-48
5.973911e+00 3.989340e-48
5.992286e+00 3.915486e-48
6.010717e+00 3.843292e-48
6.029205e+00 3.772727e-48
6.047751e+00 3.703763e-48
6.066352e+00 3.636370e-48
6.085012e+00 3.570517e-48
6.103728e+00 3.506181e-48
6.122503e+00 3.443332e-48
6.141335e+00 3.381943e-48
6.160224e+00 3.321990e-48
6.179172e+00 3.263447e-48
6.198179e+00 3.206288e-48
6.217243e+00 3.150492e-48
6.236367e+00 3.096032e-48
6.255549e+00 3.042886e-48
6.274790e+00 2.991033e-48
6.294090e+00 2.940448e-48
6.313450e+00 2.891110e-48
6.332869e+00 2.842997e-48
6.352348e+00 2.796090e-48
6.371887e+00 2.750364e-48
6.391486e+00 2.705803e-48
6.411146e+00 2.662384e-48
6.430866e+00 2.620086e-48
6.450646e+00 2.578891e-48
6.470487e+00 2.538780e-48
6.490389e+00 2.499731e-48
6.510353e+00 2.461727e-48
6.530378e+00 2.424748e-48
6.550464e+00 2.388774e-48
6.570613e+00 2.353788e-48
6.590823e+00 2.319770e-48
6.611095e+00 2.286701e-48
6.631430e+00 2.254563e-48
6.651827e+00 2.223338e-48
6.672288e+00 2.193006e-48
6.692811e+00 2.163550e-48
6.713397e+00 2.134951e-48
6.734046e+00 2.107190e-48
6.754759e+00 2.080250e-48
6.775536e+00 2.054112e-48
6.796376e+00 2.028758e-48
6.817281e+00 2.004171e-48
6.838250e+00 1.980332e-48
6.859284e+00 1.957222e-48
6.880382e+00 1.934826e-48
6.901545e+00 1.913124e-48
6.922773e+00 1.892100e-48
6.944066e+00 1.871736e-48
6.965426e+00 1.852014e-48
6.986850e+00 1.832918e-48
7.008341e+00 1.814432e-48
7.029897e+00 1.796537e-48
7.051520e+00 1.779219e-48
7.073210e+00 1.762460e-48
7.094966e+00 1.746244e-48
7.116789e+00 1.730557e-48
7.138679e+00 1.715382e-48
7.160637e+00 1.700705e-48
7.182662e+00 1.686511e-48
7.204755e+00 1.672784e-48
7.226916e+00 1.659512e-48
7.249145e+00 1.646680e-48
7.271442e+00 1.634275e-48
7.293808e+00 1.622283e-48
7.316243e+00 1.610691e-48
7.338746e+00 1.599488e-48
7.361319e+00 1.588661e-48
7.383962e+00 1.578198e-48
7.406674e+00 1.568088e-48
7.429456e+00 1.558320e-48
7.452307e+00 1.548883e-48
7.475230e+00 1.539767e-48
7.498222e+00 1.530962e-48
7.521286e+00 1.522458e-48
7.544420e+00 1.514245e-48
7.567626e+00 1.506316e-48
7.590903e+00 1.498661e-48
7.614251e+00 1.491272e-48
7.637672e+00 1.484140e-48
7.661164e+00 1.477258e-48
7.684729e+00 1.470619e-48
7.708366e+00 1.464216e-48
7.732076e+00 1.458041e-48
7.755859e+00 1.452088e-48
7.779714e+00 1.446350e-48
7.803644e+00 1.440821e-48
7.827647e+00 1.435496e-48
7.851723e+00 1.430367e-48
7.875874e+00 1.425431e-48
7.900099e+00 1.420680e-48
7.924399e+00 1.416110e-48
7.948773e+00 1.411714e-48
7.973222e+00 1.407488e-48
7.997747e+00 1.403427e-48
8.022347e+00 1.399525e-48
8.047022e+00 1.395777e-48
8.071774e+00 1.392177e-48
8.096602e+00 1.388721e-48
8.121506e+00 1.385402e-48
8.146486e+00 1.382216e-48
8.171544e+00 1.379158e-48
8.196678e+00 1.376223e-48
8.221890e+00 1.373405e-48
8.247179e+00 1.370702e-48
8.272546e+00 1.368109e-48
8.297992e+00 1.365623e-48
8.323515e+00 1.363241e-48
8.349117e+00 1.360960e-48
8.374798e+00 1.358779e-48
8.400557e+00 1.356694e-48
8.426396e+00 1.354705e-48
8.452315e+00 1.352811e-48
8.478313e+00 1.351010e-48
8.504391e+00 1.349301e-48
8.530549e+00 1.347682e-48
8.556788e+00 1.346153e-48
8.583107e+00 1.344711e-48
8.609508e+00 1.343355e-48
8.635990e+00 1.342084e-48
8.662553e+00 1.340896e-48
8.689197e+00 1.339788e-48
8.715924e+00 1.338760e-48
8.742733e+00 1.337809e-48
8.769624e+00 1.336933e-48
8.796598e+00 1.336130e-48
8.823656e+00 1.335398e-48
8.850796e+00 1.334735e-48
8.878020e+00 1.334140e-48
8.905327e+00 1.333609e-48
8.932719e+00 1.333142e-48
8.960195e+00 1.332736e-48
8.987755e+00 1.332390e-48
9.015400e+00 1.332100e-48
9.043130e+00 1.331867e-48
9.070945e+00 1.331687e-48
9.098846e+00 1.331559e-48
9.126833e+00 1.331481e-48
9.154906e+00 1.331452e-48
9.183065e+00 1.331469e-48
9.211311e+00 1.331532e-48
9.239644e+00 1.331637e-48
9.268063e+00 1.331785e-48
9.296571e+00 1.331973e-48
9.325166e+00 1.332199e-48
9.353848e+00 1.332463e-48
9.382620e+00 1.332762e-48
9.411479e+00 1.333095e-48
9.440428e+00 1.333461e-48
9.469465e+00 1.333858e-48
9.498592e+00 1.334285e-48
9.527808e+00 1.334740e-48
9.557114e+00 1.335222e-48
9.586510e+00 1.335730e-48
9.615997e+00 1.336263e-48
9.645575e+00 1.336818e-48
9.675243e+00 1.337396e-48
9.705003e+00 1.337994e-48
9.734854e+00 1.338611e-48
9.764797e+00 1.339246e-48
9.794832e+00 1.339899e-48
9.824960e+00 1.340567e-48
9.855180e+00 1.341249e-48
9.885493e+00 1.341945e-48
9.915899e+00 1.342654e-48
9.946399e+00 1.343374e-48
9.976993e+00 1.344104e-48
1.000768e+01 1.344842e-48
1.003846e+01 1.345589e-48
1.006934e+01 1.346343e-48
1.010031e+01 1.347103e-48
1.013138e+01 1.347868e-48
1.016254e+01 1.348636e-48
1.019380e+01 1.349408e-48
1.022516e+01 1.350181e-48
1.025661e+01 1.350956e-48
1.028815e+01 1.351731e-48
1.031980e+01 1.352505e-48
1.035154e+01 1.353278e-48
1.038338e+01 1.354048e-48
1.041532e+01 1.354814e-48
1.044735e+01 1.355576e-48
1.047949e+01 1.356333e-48
1.051172e+01 1.357085e-48
1.054406e+01 1.357829e-48
1.057649e+01 1.358566e-48
1.060902e+01 1.359294e-48
1.064165e+01 1.360013e-48
1.067438e+01 1.360723e-48
1.070722e+01 1.361422e-48
1.074015e+01 1.362109e-48
1.077318e+01 1.362784e-48
1.080632e+01 1.363446e-48
1.083956e+01 1.364095e-48
1.087290e+01 1.364730e-48
1.090634e+01 1.365350e-48
1.093989e+01 1.365954e-48
1.097354e+01 1.366542e-48
1.100729e+01 1.367113e-48
1.104115e+01 1.367667e-48
1.107511e+01 1.368202e-48
1.110918e+01 1.368719e-48
1.114335e+01 1.369216e-48
1.117762e+01 1.369694e-48
1.121200e+01 1.370151e-48
1.124649e+01 1.370587e-48
1.128108e+01 1.371001e-48
1.131578e+01 1.371394e-48
1.135059e+01 1.371763e-48
1.138550e+01 1.372110e-48
1.142052e+01 1.372432e-48
1.145565e+01 1.372731e-48
1.149088e+01 1.373004e-48
1.152623e+01 1.373253e-48
1.156168e+01 1.373476e-48
1.159724e+01 1.373672e-48
1.163292e+01 1.373843e-48
1.166870e+01 1.373986e-48
1.170459e+01 1.374101e-48
1.174059e+01 1.374189e-48
1.177670e+01 1.374248e-48
1.181292e+01 1.374279e-48
1.184926e+01 1.374280e-48
1.188571e+01 1.374252e-48
1.192226e+01 1.374194e-48
1.195894e+01 1.374106e-48
1.199572e+01 1.373987e-48
1.203262e+01 1.373837e-48
1.206963e+01 1.373656e-48
1.210675e+01 1.373443e-48
1.214399e+01 1.373198e-48
1.218135e+01 1.372921e-48
1.221881e+01 1.372612e-48
1.225640e+01 1.372269e-48
1.229410e+01 1.371894e-48
1.233191e+01 1.371485e-48
1.236984e+01 1.371042e-48
1.240789e+01 1.370565e-48
1.244605e+01 1.370054e-48
1.248434e+01 1.369509e-48
1.252274e+01 1.368929e-48
1.256125e+01 1.368314e-48
1.259989e+01 1.367664e-48
1.263865e+01 1.366978e-48
1.267752e+01 1.366258e-48
1.271651e+01 1.365501e-48
1.275563e+01 1.364709e-48
1.279486e+01 1.363881e-48
1.283422e+01 1.363017e-48
1.287370e+01 1.362117e-48
1.291329e+01 1.361180e-48
1.295301e+01 1.360207e-48
1.299285e+01 1.359198e-48
1.303282e+01 1.358153e-48
1.307291e+01 1.357070e-48
1.311312e+01 1.355952e-48
1.315345e+01 1.354797e-48
1.319391e+01 1.353605e-48
1.323449e+01 1.352377e-48
1.327520e+01 1.351114e-48
1.331603e+01 1.349813e-48
1.335699e+01 1.348477e-48
1.339807e+01 1.347110e-48
1.343928e+01 1.345705e-48
1.348062e+01 1.344261e-48
1.352209e+01 1.342781e-48
1.356368e+01 1.341273e-48
1.360540e+01 1.339731e-48
1.364725e+01 1.338154e-48
1.368922e+01 1.336548e-48
1.373133e+01 1.334911e-48
1.377356e+01 1.333244e-48
1.381593e+01 1.331551e-48
1.385843e+01 1.329832e-48
1.390105e+01 1.328088e-48
1.394381e+01 1.326327e-48
1.398670e+01 1.324548e-48
1.402972e+01 1.322755e-48
1.407287e+01 1.320959e-48
1.411616e+01 1.319163e-48
1.415958e+01 1.317374e-48
1.420313e+01 1.315612e-48
1.424682e+01 1.313886e-48
1.429064e+01 1.312216e-48
1.433460e+01 1.310641e-48
1.437869e+01 1.309196e-48
1.442291e+01 1.307932e-48
1.446728e+01 1.306957e-48
1.451178e+01 1.306397e-48
1.455641e+01 1.306431e-48
1.460119e+01 1.307474e-48
1.464610e+01 1.310192e-48
1.469115e+01 1.315434e-48
1.473633e+01 1.326045e-48
1.478166e+01 1.349837e-48
1.482713e+01 1.590990e-48
1.487273e+01 3.228010e-48
1.491848e+01 5.471676e-48
1.496437e+01 4.942081e-48
1.501040e+01 2.657780e-48
1.505657e+01 1.491780e-48
1.510288e+01 1.355652e-48
1.514933e+01 1.310937e-48
1.519593e+01 1.287856e-48
1.524267e+01 1.274456e-48
1.528955e+01 1.265012e-48
1.533658e+01 1.257811e-48
1.538376e+01 1.251821e-48
1.543107e+01 1.246567e-48
1.547854e+01 1.241817e-48
1.552615e+01 1.237394e-48
1.557390e+01 1.233182e-48
1.562181e+01 1.229122e-48
1.566986e+01 1.225167e-48
1.571805e+01 1.221278e-48
1.576640e+01 1.217436e-48
1.581490e+01 1.213624e-48
1.586354e+01 1.209826e-48
1.591234e+01 1.206036e-48
1.596128e+01 1.202246e-48
1.601037e+01 1.198449e-48
1.605962e+01 1.194642e-48
1.610902e+01 1.190821e-48
1.615856e+01 1.186984e-48
1.620827e+01 1.183128e-48
1.625812e+01 1.179253e-48
1.630813e+01 1.175356e-48
1.635829e+01 1.171437e-48
1.640861e+01 1.167496e-48
1.645908e+01 1.163530e-48
1.650970e+01 1.159541e-48
1.656048e+01 1.155528e-48
1.661142e+01 1.151491e-48
1.666252e+01 1.147430e-48
1.671377e+01 1.143344e-48
1.676518e+01 1.139234e-48
1.681674e+01 1.135100e-48
1.686847e+01 1.130943e-48
1.692036e+01 1.126762e-48
1.697240e+01 1.122558e-48
1.702460e+01 1.118331e-48
1.707697e+01 1.114081e-48
1.712950e+01 1.109809e-48
1.718218e+01 1.105515e-48
1.723503e+01 1.101200e-48
1.728805e+01 1.096864e-48
1.734122e+01 1.092509e-48
1.739456e+01 1.088133e-48
1.744806e+01 1.083737e-48
1.750173e+01 1.079324e-48
1.755557e+01 1.074893e-48
1.760956e+01 1.070443e-48
1.766373e+01 1.065975e-48
1.771806e+01 1.061493e-48
1.777256e+01 1.056995e-48
1.782722e+01 1.052481e-48
1.788206e+01 1.047955e-48
1.793706e+01 1.043414e-48
1.799223e+01 1.038860e-48
1.804757e+01 1.034295e-48
1.810309e+01 1.029718e-48
1.815877e+01 1.025131e-48
1.821462e+01 1.020535e-48
1.827065e+01 1.015930e-48
1.832684e+01 1.011317e-48
1.838321e+01 1.006698e-48
1.843976e+01 1.002073e-48
1.849648e+01 9.974436e-49
1.855337e+01 9.928104e-49
1.861044e+01 9.881747e-49
1.866768e+01 9.835374e-49
1.872510e+01 9.789003e-49
1.878270e+01 9.742643e-49
1.884047e+01 9.696306e-49
1.889842e+01 9.650012e-49
1.895655e+01 9.603773e-49
1.901486e+01 9.557603e-49
1.907334e+01 9.511525e-49
1.913201e+01 9.465555e-49
1.919086e+01 9.419712e-49
1.924988e+01 9.374025e-49
1.930909e+01 9.328514e-49
1.936849e+01 9.283206e-49
1.942806e+01 9.238137e-49
1.948782e+01 9.193341e-49
1.954776e+01 9.148854e-49
1.960789e+01 9.104729e-49
1.966820e+01 9.061019e-49
1.972869e+01 9.017781e-49
1.978938e+01 8.975101e-49
1.985025e+01 8.933069e-49
1.991130e+01 8.891789e-49
1.997255e+01 8.851413e-49
2.003398e+01 8.812117e-49
2.009560e+01 8.774111e-49
2.015741e+01 8.737705e-49
2.021942e+01 8.703301e-49
2.028161e+01 8.671387e-49
2.034399e+01 8.642721e-49
2.040657e+01 8.618414e-49
2.046933e+01 8.599849e-49
2.053229e+01 8.589401e-49
2.059545e+01 8.591117e-49
2.065880e+01 8.610205e-49
2.072234e+01 8.657471e-49
2.078608e+01 8.756941e-49
2.085001e+01 8.959289e-49
2.091415e+01 9.418076e-49
2.097847e+01 1.036641e-48
2.104300e+01 1.377457e-48
2.110773e+01 2.684584e-48
2.117265e+01 3.977427e-48
2.123778e+01 3.755288e-48
2.130310e+01 2.132001e-48
2.136863e+01 1.005960e-48
2.143435e+01 8.666672e-49
2.150028e+01 8.307642e-49
2.156641e+01 8.104258e-49
2.163275e+01 7.962921e-49
2.169929e+01 7.857254e-49
2.176603e+01 7.774575e-49
2.183298e+01 7.705629e-49
2.190014e+01 7.645932e-49
2.196750e+01 7.592952e-49
2.203507e+01 7.544773e-49
2.210284e+01 7.500235e-49
2.217083e+01 7.458623e-49
2.223902e+01 7.419370e-49
2.230743e+01 7.382086e-49
2.237604e+01 7.346520e-49
2.244487e+01 7.312468e-49
2.251390e+01 7.279777e-49
2.258315e+01 7.248350e-49
2.265262e+01 7.218105e-49
2.272229e+01 7.188978e-49
2.279218e+01 7.160931e-49
2.286229e+01 7.133931e-49
2.293261e+01 7.107952e-49
2.300315e+01 7.082981e-49
2.307390e+01 7.059007e-49
2.314487e+01 7.036022e-49
2.321606e+01 7.014024e-49
2.328747e+01 6.993012e-49
2.335910e+01 6.972986e-49
2.343095e+01 6.953950e-49
2.350302e+01 6.935909e-49
2.357531e+01 6.918865e-49
2.364783e+01 6.902825e-49
2.372057e+01 6.887795e-49
2.379353e+01 6.873779e-49
2.386671e+01 6.860785e-49
2.394012e+01 6.848817e-49
2.401376e+01 6.837881e-49
2.408762e+01 6.827983e-49
2.416171e+01 6.819127e-49
2.423603e+01 6.811317e-49
2.431058e+01 6.804557e-49
2.438535e+01 6.798850e-49
2.446036e+01 6.794199e-49
2.453560e+01 6.790605e-49
2.461106e+01 6.788068e-49
2.468676e+01 6.786590e-49
2.476270e+01 6.786168e-49
2.483886e+01 6.786803e-49
2.491526e+01 6.788490e-49
2.499190e+01 6.791226e-49
2.506877e+01 6.795008e-49
2.514588e+01 6.799829e-49
2.522322e+01 6.805683e-49
2.530081e+01 6.812564e-49
2.537863e+01 6.820462e-49
2.545669e+01 6.829368e-49
2.553499e+01 6.839274e-49
2.561353e+01 6.850166e-49
2.569232e+01 6.862034e-49
2.577134e+01 6.874865e-49
2.585061e+01 6.888644e-49
2.593012e+01 6.903357e-49
2.600988e+01 6.918988e-49
2.608988e+01 6.935521e-49
2.617013e+01 6.952938e-49
2.625063e+01 6.971222e-49
2.633137e+01 6.990353e-49
2.641236e+01 7.010311e-49
2.649360e+01 7.031077e-49
2.657510e+01 7.052627e-49
2.665684e+01 7.074942e-49
2.673883e+01 7.097997e-49
2.682107e+01 7.121768e-49
2.690357e+01 7.146232e-49
2.698632e+01 7.171363e-49
2.706933e+01 7.197135e-49
2.715259e+01 7.223522e-49
2.723611e+01 7.250496e-49
2.731988e+01 7.278029e-49
2.740392e+01 7.306091e-49
2.748821e+01 7.334654e-49
2.757276e+01 7.363686e-49
2.765757e+01 7.393157e-49
2.774264e+01 7.423034e-49
2.782797e+01 7.453284e-49
2.791356e+01 7.483874e-49
2.799942e+01 7.514769e-49
2.808554e+01 7.545934e-49
2.817193e+01 7.577333e-49
2.825858e+01 7.608928e-49
2.834550e+01 7.640683e-49
2.843269e+01 7.672559e-49
2.852014e+01 7.704516e-49
2.860787e+01 7.736514e-49
2.869586e+01 7.768513e-49
2.878413e+01 7.800472e-49
2.887266e+01 7.832348e-49
2.896147e+01 7.864099e-49
2.905055e+01 7.895681e-49
2.913991e+01 7.927051e-49
2.922954e+01 7.958164e-49
2.931944e+01 7.988975e-49
2.940963e+01 8.019440e-49
2.950008e+01 8.049513e-49
2.959082e+01 8.079149e-49
2.968184e+01 8.108301e-49
2.977314e+01 8.136924e-49
2.986472e+01 8.164972e-49
2.995658e+01 8.192400e-49
3.004872e+01 8.219163e-49
3.014114e+01 8.245214e-49
3.023385e+01 8.270511e-49
3.032685e+01 8.295008e-49
3.042013e+01 8.318662e-49
3.051370e+01 8.341431e-49
3.060755e+01 8.363273e-49
3.070170e+01 8.384146e-49
3.079613e+01 8.404013e-49
3.089086e+01 8.422833e-49
3.098587e+01 8.440570e-49
3.108118e+01 8.457187e-49
3.117678e+01 8.472652e-49
3.127268e+01 8.486930e-49
3.136887e+01 8.499991e-49
3.146535e+01 8.511806e-49
3.156214e+01 8.522347e-49
3.165922e+01 8.531588e-49
3.175660e+01 8.539507e-49
3.185428e+01 8.546082e-49
3.195225e+01 8.551293e-49
3.205054e+01 8.555123e-49
3.214912e+01 8.557558e-49
3.224800e+01 8.558585e-49
3.234719e+01 8.558193e-49
3.244669e+01 8.556373e-49
3.254649e+01 8.553121e-49
3.264660e+01 8.548432e-49
3.274701e+01 8.542305e-49
3.284774e+01 8.534740e-49
3.294878e+01 8.525742e-49
3.305012e+01 8.515314e-49
3.315178e+01 8.503465e-49
3.325375e+01 8.490203e-49
3.335603e+01 8.475541e-49
3.345863e+01 8.459492e-49
3.356155e+01 8.442071e-49
3.366478e+01 8.423295e-49
3.376832e+01 8.403184e-49
3.387219e+01 8.381759e-49
3.397638e+01 8.359041e-49
3.408088e+01 8.335054e-49
3.418571e+01 8.309825e-49
3.429086e+01 8.283379e-49
3.439634e+01 8.255745e-49
3.450213e+01 8.226951e-49
3.460826e+01 8.197028e-49
3.471471e+01 8.166007e-49
3.482149e+01 8.133920e-49
3.492859e+01 8.100800e-49
3.503603e+01 8.066679e-49
3.514379e+01 8.031593e-49
3.525189e+01 7.995576e-49
3.536032e+01 7.958662e-49
3.546908e+01 7.920887e-49
3.557818e+01 7.882286e-49
3.568761e+01 7.842896e-49
3.579738e+01 7.802752e-49
3.590749e+01 7.761889e-49
3.601794e+01 7.720344e-49
3.612872e+01 7.678152e-49
3.623985e+01 7.635348e-49
3.635132e+01 7.591968e-49
3.646313e+01 7.548046e-49
3.657529e+01 7.503616e-49
3.668779e+01 7.458713e-49
3.680063e+01 7.413370e-49
3.691383e+01 7.367620e-49
3.702737e+01 7.321496e-49
3.714126e+01 7.275029e-49
3.725550e+01 7.228250e-49
3.737009e+01 7.181191e-49
3.748504e+01 7.133880e-49
3.760034e+01 7.086348e-49
3.771599e+01 7.038622e-49
3.783200e+01 6.990730e-49
3.794837e+01 6.942699e-49
3.806509e+01 6.894556e-49
3.818217e+01 6.846325e-49
3.829961e+01 6.798031e-49
3.841742e+01 6.749699e-49
3.853558e+01 6.701351e-49
3.865411e+01 6.653008e-49
3.877301e+01 6.604694e-49
3.889227e+01 6.556428e-49
3.901190e+01 6.508231e-49
3.913189e+01 6.460120e-49
3.925226e+01 6.412116e-49
3.937299e+01 6.364234e-49
3.949410e+01 6.316493e-49
3.961557e+01 6.268908e-49
3.973743e+01 6.221494e-49
3.985965e+01 6.174267e-49
3.998226e+01 6.127240e-49
4.010524e+01 6.080425e-49
4.022859e+01 6.033838e-49
4.035233e+01 5.987487e-49
4.047645e+01 5.941386e-49
4.060095e+01 5.895545e-49
4.072583e+01 5.849974e-49
4.085110e+01 5.804682e-49
4.097675e+01 5.759679e-49
4.110279e+01 5.714972e-49
4.122922e+01 5.670570e-49
4.135603e+01 5.626479e-49
4.148324e+01 5.582707e-49
4.161083e+01 5.539260e-49
4.173882e+01 5.496144e-49
4.186720e+01 5.453364e-49
4.199598e+01 5.410925e-49
4.212515e+01 5.368832e-49
4.225473e+01 5.327088e-49
4.238470e+01 5.285698e-49
4.251506e+01 5.244664e-49
4.264583e+01 5.203990e-49
4.277701e+01 5.163679e-49
4.290858e+01 5.123732e-49
4.304057e+01 5.084152e-49
4.317295e+01 5.044940e-49
4.330575e+01 5.006098e-49
4.343895e+01 4.967627e-49
4.357256e+01 4.929528e-49
4.370658e+01 4.891802e-49
4.384102e+01 4.854449e-49
4.397587e+01 4.817469e-49
4.411113e+01 4.780863e-49
4.424681e+01 4.744631e-49
4.438291e+01 4.708773e-49
4.451942e+01 4.673290e-49
4.465636e+01 4.638183e-49
4.479371e+01 4.603454e-49
4.493149e+01 4.569109e-49
4.506970e+01 4.535164e-49
4.520832e+01 4.501726e-49
4.534738e+01 4.469507e-49
4.548686e+01 4.438114e-49
4.562677e+01 4.405738e-49
4.576711e+01 4.372927e-49
4.590789e+01 4.340337e-49
4.604909e+01 4.308176e-49
4.619073e+01 4.276320e-49
4.633281e+01 4.245071e-49
4.647532e+01 4.214464e-49
4.661827e+01 4.184280e-49
4.676167e+01 4.154459e-49
4.690550e+01 4.124986e-49
4.704977e+01 4.095855e-49
4.719449e+01 4.067059e-49
4.733965e+01 4.038596e-49
4.748526e+01 4.010459e-49
4.763132e+01 3.982648e-49
4.777783e+01 3.955157e-49
4.792479e+01 3.927984e-49
4.807220e+01 3.901125e-49
4.822006e+01 3.874578e-49
4.836838e+01 3.848339e-49
4.851715e+01 3.822405e-49
4.866638e+01 3.796773e-49
4.881607e+01 3.771439e-49
4.896623e+01 3.746401e-49
4.911684e+01 3.721655e-49
4.926792e+01 3.697198e-49
4.941946e+01 3.673027e-49
4.957146e+01 3.649139e-49
4.972394e+01 3.625530e-49
4.987688e+01 3.602198e-49
5.003030e+01 3.579139e-49
5.018418e+01 3.556349e-49
5.033854e+01 3.533827e-49
5.049338e+01 3.511568e-49
5.064869e+01 3.489570e-49
5.080447e+01 3.467829e-49
5.096074e+01 3.446343e-49
5.111749e+01 3.425108e-49
5.127472e+01 3.404121e-49
5.143243e+01 3.383379e-49
5.159063e+01 3.362879e-49
5.174932e+01 3.342618e-49
5.190849e+01 3.322594e-49
5.206815e+01 3.302802e-49
5.222831e+01 3.283241e-49
5.238896e+01 3.263906e-49
5.255010e+01 3.244796e-49
5.271173e+01 3.225908e-49
5.287387e+01 3.207238e-49
5.303650e+01 3.188783e-49
5.319963e+01 3.170542e-49
5.336327e+01 3.152510e-49
5.352741e+01 3.134686e-49
5.369205e+01 3.117066e-49
5.385720e+01 3.099649e-49
5.402285e+01 3.082430e-49
5.418902e+01 3.065408e-49
5.435570e+01 3.048580e-49
5.452289e+01 3.031944e-49
5.469059e+01 3.015496e-49
5.485881e+01 2.999234e-49
5.502755e+01 2.983156e-49
5.519681e+01 2.967259e-49
5.536659e+01 2.951541e-49
5.553689e+01 2.936000e-49
5.570771e+01 2.920632e-49
5.587906e+01 2.905436e-49
5.605094e+01 2.890408e-49
5.622334e+01 2.875548e-49
5.639628e+01 2.860853e-49
5.656974e+01 2.846319e-49
5.674374e+01 2.831946e-49
5.691828e+01 2.817731e-49
5.709335e+01 2.803671e-49
5.726896e+01 2.789765e-49
5.744511e+01 2.776010e-49
5.762181e+01 2.762405e-49
5.779904e+01 2.748947e-49
5.797682e+01 2.735634e-49
5.815515e+01 2.722464e-49
5.833403e+01 2.709435e-49
5.851346e+01 2.696546e-49
5.869344e+01 2.683794e-49
5.887397e+01 2.671177e-49
5.905506e+01 2.658694e-49
5.923670e+01 2.646342e-49
5.941891e+01 2.634120e-49
5.960167e+01 2.622026e-49
5.978500e+01 2.610059e-49
5.996889e+01 2.598216e-49
6.015334e+01 2.586495e-49
6.033836e+01 2.574895e-49
6.052396e+01 2.563415e-49
6.071012e+01 2.552053e-49
6.089686e+01 2.540806e-49
6.108416e+01 2.529674e-49
6.127205e+01 2.518654e-49
6.146052e+01 2.507746e-49
6.164956e+01 2.496947e-49
6.183919e+01 2.486256e-49
6.202939e+01 2.475672e-49
6.222019e+01 2.465193e-49
6.241157e+01 2.454818e-49
6.260354e+01 2.444545e-49
6.279610e+01 2.434373e-49
6.298925e+01 2.424300e-49
6.318299e+01 2.414325e-49
6.337734e+01 2.404446e-49
6.357227e+01 2.394663e-49
6.376781e+01 2.384975e-49
6.396395e+01 2.375378e-49
6.416070e+01 2.365873e-49
6.435805e+01 2.356459e-49
6.455600e+01 2.347133e-49
6.475457e+01 2.337895e-49
6.495375e+01 2.328743e-49
6.515353e+01 2.319676e-49
6.535394e+01 2.310694e-49
6.555496e+01 2.301794e-49
6.575659e+01 2.292977e-49
6.595885e+01 2.284240e-49
6.616173e+01 2.275582e-49
6.636524e+01 2.267003e-49
6.656937e+01 2.258502e-49
6.677412e+01 2.250077e-49
6.697951e+01 2.241727e-49
6.718553e+01 2.233452e-49
6.739218e+01 2.225250e-49
6.759947e+01 2.217120e-49
6.780740e+01 2.209061e-49
6.801597e+01 2.201073e-49
6.822517e+01 2.193154e-49
6.843502e+01 2.185304e-49
6.864552e+01 2.177521e-49
6.885667e+01 2.169805e-49
6.906846e+01 2.162155e-49
6.928090e+01 2.154570e-49
6.949400e+01 2.147049e-49
6.970776e+01 2.139591e-49
6.992217e+01 2.132195e-49
7.013724e+01 2.124861e-49
7.035297e+01 2.117587e-49
7.056936e+01 2.110374e-49
7.078643e+01 2.103219e-49
7.100415e+01 2.096123e-49
7.122255e+01 2.089085e-49
7.144162e+01 2.082103e-49
7.166137e+01 2.075177e-49
7.188179e+01 2.068307e-49
7.210289e+01 2.061492e-49
7.232466e+01 2.054730e-49
7.254712e+01 2.048022e-49
7.277027e+01 2.041366e-49
7.299410e+01 2.034762e-49
7.321862e+01 2.028210e-49
7.344383e+01 2.021707e-49
7.366973e+01 2.015255e-49
7.389633e+01 2.008853e-49
7.412363e+01 2.002498e-49
7.435162e+01 1.996192e-49
7.458031e+01 1.989934e-49
7.480971e+01 1.983722e-49
7.503982e+01 1.977557e-49
7.527063e+01 1.971437e-49
7.550215e+01 1.965362e-49
7.573438e+01 1.959332e-49
7.596733e+01 1.953347e-49
7.620100e+01 1.947404e-49
7.643538e+01 1.941505e-49
7.667048e+01 1.935647e-49
7.690631e+01 1.929832e-49
7.714287e+01 1.924059e-49
7.738015e+01 1.918326e-49
7.761816e+01 1.912633e-49
7.785690e+01 1.906981e-49
7.809637e+01 1.901368e-49
7.833659e+01 1.895794e-49
7.857754e+01 1.890258e-49
7.881923e+01 1.884761e-49
7.906167e+01 1.879301e-49
7.930485e+01 1.873878e-49
7.954878e+01 1.868493e-49
7.979346e+01 1.863143e-49
8.003890e+01 1.857829e-49
8.028509e+01 1.852551e-49
8.053203e+01 1.847308e-49
8.077974e+01 1.842099e-49
8.102820e+01 1.836925e-49
8.127743e+01 1.831785e-49
8.152743e+01 1.826678e-49
8.177820e+01 1.821604e-49
8.202974e+01 1.816563e-49
8.228205e+01 1.811554e-49
8.253514e+01 1.806578e-49
8.278900e+01 1.801633e-49
8.304365e+01 1.796719e-49
8.329908e+01 1.791836e-49
8.355530e+01 1.786984e-49
8.381230e+01 1.782163e-49
8.407010e+01 1.777371e-49
8.432868e+01 1.772609e-49
8.458807e+01 1.767876e-49
8.484825e+01 1.763172e-49
8.510923e+01 1.758497e-49
8.537101e+01 1.753850e-49
8.563360e+01 1.749232e-49
8.589700e+01 1.744641e-49
8.616121e+01 1.740077e-49
8.642623e+01 1.735541e-49
8.669206e+01 1.731032e-49
8.695871e+01 1.726550e-49
8.722619e+01 1.722094e-49
8.749448e+01 1.717664e-49
8.776360e+01 1.713259e-49
8.803355e+01 1.708881e-49
8.830433e+01 1.704528e-49
8.857594e+01 1.700200e-49
8.884839e+01 1.695897e-49
8.912167e+01 1.691618e-49
8.939580e+01 1.687364e-49
8.967077e+01 1.683133e-49
8.994658e+01 1.678927e-49
9.022324e+01 1.674744e-49
9.050076e+01 1.670585e-49
9.077913e+01 1.666449e-49
9.105835e+01 1.662336e-49
9.133843e+01 1.658246e-49
9.161938e+01 1.654178e-49
9.190118e+01 1.650133e-49
9.218386e+01 1.646110e-49
9.246740e+01 1.642108e-49
9.275182e+01 1.638129e-49
9.303711e+01 1.634171e-49
9.332328e+01 1.630234e-49
9.361033e+01 1.626318e-49
9.389826e+01 1.622424e-49
9.418708e+01 1.618550e-49
9.447679e+01 1.614696e-49
9.476738e+01 1.610864e-49
9.505887e+01 1.607051e-49
9.535126e+01 1.603258e-49
9.564455e+01 1.599486e-49
9.593874e+01 1.595733e-49
9.623383e+01 1.591999e-49
9.652983e+01 1.588285e-49
9.682675e+01 1.584590e-49
9.712457e+01 1.580914e-49
9.742331e+01 1.577257e-49
9.772297e+01 1.573619e-49
9.802355e+01 1.569999e-49
9.832506e+01 1.566398e-49
9.862749e+01 1.562815e-49
9.893086e+01 1.559250e-49
9.923516e+01 1.555703e-49
9.954039e+01 1.552175e-49
9.984656e+01 1.548663e-49
1.001537e+02 1.545170e-49
1.004617e+02 1.541693e-49
1.007707e+02 1.538234e-49
1.010807e+02 1.534793e-49
1.013916e+02 1.531368e-49
1.017035e+02 1.527960e-49
1.020163e+02 1.524569e-49
1.023301e+02 1.521195e-49
1.026448e+02 1.517837e-49
1.029606e+02 1.514495e-49
1.032772e+02 1.511170e-49
1.035949e+02 1.507861e-49
1.039136e+02 1.504568e-49
1.042332e+02 1.501291e-49
1.045538e+02 1.498030e-49
1.048754e+02 1.494785e-49
1.051980e+02 1.491555e-49
1.055215e+02 1.488341e-49
1.058461e+02 1.485142e-49
1.061717e+02 1.481959e-49
1.064982e+02 1.478790e-49
1.068258e+02 1.475637e-49
1.071544e+02 1.472499e-49
1.074840e+02 1.469375e-49
1.078146e+02 1.466267e-49
1.081462e+02 1.463173e-49
1.084789e+02 1.460094e-49
1.088125e+02 1.457029e-49
1.091472e+02 1.453979e-49
1.094829e+02 1.450943e-49
1.098197e+02 1.447921e-49
1.101575e+02 1.444914e-49
1.104963e+02 1.441920e-49
1.108362e+02 1.438941e-49
1.111771e+02 1.435975e-49
1.115191e+02 1.433024e-49
1.118621e+02 1.430085e-49
1.122061e+02 1.427161e-49
1.125513e+02 1.424250e-49
1.128975e+02 1.421353e-49
1.132447e+02 1.418469e-49
1.135931e+02 1.415599e-49
1.139424e+02 1.412742e-49
1.142929e+02 1.409898e-49
1.146445e+02 1.407067e-49
1.149971e+02 1.404249e-49
1.153508e+02 1.401444e-49
1.157056e+02 1.398652e-49
1.160615e+02 1.395873e-49
1.164185e+02 1.393107e-49
1.167766e+02 1.390353e-49
1.171358e+02 1.387612e-49
1.174961e+02 1.384884e-49
1.178575e+02 1.382168e-49
1.182200e+02 1.379465e-49
1.185836e+02 1.376774e-49
1.189484e+02 1.374096e-49
1.193142e+02 1.371429e-49
1.196812e+02 1.368775e-49
1.200493e+02 1.366133e-49
1.204186e+02 1.363503e-49
1.207890e+02 1.360886e-49
1.211605e+02 1.358280e-49
1.215332e+02 1.355686e-49
1.219070e+02 1.353104e-49
1.222820e+02 1.350534e-49
1.226581e+02 1.347975e-49
1.230354e+02 1.345428e-49
1.234138e+02 1.342893e-49
1.237934e+02 1.340370e-49
1.241742e+02 1.337858e-49
1.245561e+02 1.335358e-49
1.249393e+02 1.332869e-49
1.253235e+02 1.330392e-49
1.257090e+02 1.327926e-49
1.260957e+02 1.325471e-49
1.264835e+02 1.323027e-49
1.268726e+02 1.320595e-49
1.272628e+02 1.318174e-49
1.276543e+02 1.315764e-49
1.280469e+02 1.313366e-49
1.284408e+02 1.310978e-49
1.288358e+02 1.308601e-49
1.292321e+02 1.306236e-49
1.296296e+02 1.303881e-49
1.300283e+02 1.301537e-49
1.304283e+02 1.299204e-49
1.308295e+02 1.296882e-49
1.312319e+02 1.294571e-49
1.316355e+02 1.292270e-49
1.320404e+02 1.289980e-49
1.324466e+02 1.287701e-49
1.328539e+02 1.285432e-49
1.332626e+02 1.283174e-49
1.336725e+02 1.280927e-49
1.340836e+02 1.278690e-49
1.344961e+02 1.276464e-49
1.349098e+02 1.274248e-49
1.353247e+02 1.272042e-49
1.357410e+02 1.269847e-49
1.361585e+02 1.267663e-49
1.365773e+02 1.265488e-49
1.369974e+02 1.263324e-49
1.374188e+02 1.261170e-49
1.378414e+02 1.259027e-49
1.382654e+02 1.256894e-49
1.386907e+02 1.254771e-49
1.391173e+02 1.252658e-49
1.395452e+02 1.250555e-49
1.399744e+02 1.248462e-49
1.404050e+02 1.246379e-49
1.408368e+02 1.244307e-49
1.412700e+02 1.242244e-49
1.417046e+02 1.240192e-49
1.421404e+02 1.238149e-49
1.425776e+02 1.236117e-49
1.430162e+02 1.234094e-49
1.434561e+02 1.232081e-49
1.438973e+02 1.230078e-49
1.443399e+02 1.228085e-49
1.447839e+02 1.226102e-49
1.452292e+02 1.224128e-49
1.456759e+02 1.222165e-49
1.461240e+02 1.220211e-49
1.465735e+02 1.218267e-49
1.470243e+02 1.216332e-49
1.474765e+02 1.214408e-49
1.479301e+02 1.212493e-49
1.483852e+02 1.210587e-49
1.488416e+02 1.208692e-49
1.492994e+02 1.206806e-49
1.497586e+02 1.204929e-49
1.502192e+02 1.203062e-49
1.506813e+02 1.201205e-49
1.511448e+02 1.199357e-49
1.516097e+02 1.197519e-49
1.520760e+02 1.195690e-49
1.525438e+02 1.193871e-49
1.530130e+02 1.192062e-49
1.534836e+02 1.190261e-49
1.539557e+02 1.188471e-49
1.544293e+02 1.186689e-49
1.549043e+02 1.184917e-49
1.553807e+02 1.183155e-49
1.558587e+02 1.181402e-49
1.563381e+02 1.179658e-49
1.568189e+02 1.177924e-49
1.573013e+02 1.176199e-49
1.577851e+02 1.174483e-49
1.582704e+02 1.172777e-49
1.587572e+02 1.171080e-49
1.592456e+02 1.169392e-49
1.597354e+02 1.167714e-49
1.602267e+02 1.166045e-49
1.607195e+02 1.164385e-49
1.612139e+02 1.162735e-49
1.617098e+02 1.161093e-49
1.622072e+02 1.159461e-49
1.627061e+02 1.157839e-49
1.632065e+02 1.156225e-49
1.637086e+02 1.154621e-49
1.642121e+02 1.153026e-49
1.647172e+02 1.151440e-49
1.652238e+02 1.149863e-49
1.657320e+02 1.148295e-49
1.662418e+02 1.146737e-49
1.667531e+02 1.145188e-49
1.672661e+02 1.143648e-49
1.677805e+02 1.142117e-49
1.682966e+02 1.140595e-49
1.688143e+02 1.139083e-49
1.693335e+02 1.137579e-49
1.698544e+02 1.136085e-49
1.703768e+02 1.134600e-49
1.709009e+02 1.133124e-49
1.714265e+02 1.131657e-49
1.719538e+02 1.130199e-49
1.724827e+02 1.128750e-49
1.730132e+02 1.127310e-49
1.735454e+02 1.125880e-49
1.740792e+02 1.124458e-49
1.746147e+02 1.123046e-49
1.751517e+02 1.121643e-49
1.756905e+02 1.120249e-49
1.762309e+02 1.118864e-49
1.767730e+02 1.117488e-49
1.773167e+02 1.116121e-49
1.778621e+02 1.114763e-49
1.784092e+02 1.113414e-49
1.789579e+02 1.112075e-49
1.795084e+02 1.110744e-49
1.800605e+02 1.109423e-49
1.806144e+02 1.108110e-49
1.811699e+02 1.106807e-49
1.817271e+02 1.105513e-49
1.822861e+02 1.104228e-49
1.828468e+02 1.102951e-49
1.834092e+02 1.101684e-49
1.839734e+02 1.100426e-49
1.845392e+02 1.099178e-49
1.851068e+02 1.097938e-49
1.856762e+02 1.096707e-49
1.862473e+02 1.095486e-49
1.868202e+02 1.094273e-49
1.873948e+02 1.093070e-49
1.879712e+02 1.091876e-49
1.885494e+02 1.090690e-49
1.891293e+02 1.089514e-49
1.897111e+02 1.088347e-49
1.902946e+02 1.087190e-49
1.908799e+02 1.086041e-49
1.914670e+02 1.084901e-49
1.920560e+02 1.083771e-49
1.926467e+02 1.082649e-49
1.932393e+02 1.081537e-49
1.938336e+02 1.080434e-49
1.944298e+02 1.079340e-49
1.950279e+02 1.078256e-49
1.956278e+02 1.077180e-49
1.962295e+02 1.076114e-49
1.968330e+02 1.075057e-49
1.974385e+02 1.074009e-49
1.980458e+02 1.072970e-49
1.986549e+02 1.071940e-49
1.992660e+02 1.070920e-49
1.998789e+02 1.069909e-49
2.004937e+02 1.068907e-49
2.011104e+02 1.067914e-49
2.017290e+02 1.066930e-49
2.023494e+02 1.065956e-49
2.029718e+02 1.064991e-49
2.035962e+02 1.064036e-49
2.042224e+02 1.063089e-49
2.048506e+02 1.062152e-49
2.054806e+02 1.061225e-49
2.061127e+02 1.060306e-49
2.067466e+02 1.059397e-49
2.073826e+02 1.058497e-49
2.080205e+02 1.057607e-49
2.086603e+02 1.056726e-49
2.093021e+02 1.055854e-49
2.099459e+02 1.054992e-49
2.105916e+02 1.054139e-49
2.112394e+02 1.053295e-49
2.118891e+02 1.052461e-49
2.125409e+02 1.051637e-49
2.131946e+02 1.050822e-49
2.138504e+02 1.050016e-49
2.145082e+02 1.049220e-49
2.151680e+02 1.048433e-49
2.158298e+02 1.047656e-49
2.164936e+02 1.046888e-49
2.171595e+02 1.046130e-49
2.178275e+02 1.045382e-49
2.184975e+02 1.044643e-49
2.191696e+02 1.043913e-49
2.198437e+02 1.043193e-49
2.205199e+02 1.042483e-49
2.211982e+02 1.041783e-49
2.218786e+02 1.041092e-49
2.225610e+02 1.040411e-49
2.232456e+02 1.039739e-49
2.239323e+02 1.039078e-49
2.246211e+02 1.038426e-49
2.253120e+02 1.037783e-49
2.260050e+02 1.037151e-49
2.267002e+02 1.036528e-49
2.273974e+02 1.035915e-49
2.280969e+02 1.035312e-49
2.287985e+02 1.034719e-49
2.295022e+02 1.034136e-49
2.302082e+02 1.033562e-49
2.309162e+02 1.032999e-49
2.316265e+02 1.032445e-49
2.323390e+02 1.031901e-49
2.330536e+02 1.031368e-49
2.337704e+02 1.030844e-49
2.344895e+02 1.030330e-49
2.352107e+02 1.029827e-49
2.359342e+02 1.029333e-49
2.366599e+02 1.028850e-49
2.373878e+02 1.028376e-49
2.381180e+02 1.027913e-49
2.388504e+02 1.027460e-49
2.395851e+02 1.027017e-49
2.403220e+02 1.026585e-49
2.410612e+02 1.026162e-49
2.418027e+02 1.025750e-49
2.425465e+02 1.025348e-49
2.432925e+02 1.024957e-49
2.440408e+02 1.024575e-49
2.447915e+02 1.024204e-49
2.455444e+02 1.023844e-49
2.462997e+02 1.023494e-49
2.470573e+02 1.023154e-49
2.478172e+02 1.022825e-49
2.485794e+02 1.022506e-49
2.493440e+02 1.022198e-49
2.501110e+02 1.021901e-49
2.508803e+02 1.021614e-49
2.516519e+02 1.021337e-49
2.524260e+02 1.021072e-49
2.532024e+02 1.020817e-49
2.539812e+02 1.020572e-49
2.547624e+02 1.020339e-49
2.555460e+02 1.020116e-49
2.563321e+02 1.019904e-49
2.571205e+02 1.019702e-49
2.579114e+02 1.019512e-49
2.587047e+02 1.019333e-49
2.595004e+02 1.019164e-49
2.602986e+02 1.019006e-49
2.610992e+02 1.018860e-49
2.619023e+02 1.018724e-49
2.627079e+02 1.018600e-49
2.635160e+02 1.018486e-49
2.643265e+02 1.018384e-49
2.651395e+02 1.018293e-49
2.659551e+02 1.018213e-49
2.667731e+02 1.018144e-49
2.675937e+02 1.018087e-49
2.684167e+02 1.018041e-49
2.692424e+02 1.018006e-49
2.700705e+02 1.017982e-49
2.709012e+02 1.017970e-49
2.717345e+02 1.017970e-49
2.725703e+02 1.017981e-49
2.734087e+02 1.018003e-49
2.742496e+02 1.018037e-49
2.750932e+02 1.018083e-49
2.759393e+02 1.018140e-49
2.767881e+02 1.018209e-49
2.776394e+02 1.018290e-49
2.784934e+02 1.018382e-49
2.793500e+02 1.018486e-49
2.802093e+02 1.018602e-49
2.810711e+02 1.018730e-49
2.819357e+02 1.018870e-49
2.828029e+02 1.019022e-49
2.836727e+02 1.019186e-49
2.845453e+02 1.019362e-49
2.854205e+02 1.019550e-49
2.862984e+02 1.019750e-49
2.871790e+02 1.019962e-49
2.880623e+02 1.020187e-49
2.889484e+02 1.020424e-49
2.898372e+02 1.020673e-49
2.907287e+02 1.020935e-49
2.916229e+02 1.021208e-49
2.925199e+02 1.021495e-49
2.934196e+02 1.021794e-49
2.943222e+02 1.022105e-49
2.952274e+02 1.022429e-49
2.961355e+02 1.022766e-49
2.970464e+02 1.023116e-49
2.979601e+02 1.023478e-49
2.988765e+02 1.023853e-49
2.997958e+02 1.024241e-49
3.007180e+02 1.024641e-49
3.016429e+02 1.025055e-49
3.025707e+02 1.025481e-49
3.035014e+02 1.025921e-49
3.044349e+02 1.026374e-49
3.053713e+02 1.026840e-49
3.063106e+02 1.027319e-49
3.072528e+02 1.027812e-49
3.081979e+02 1.028317e-49
3.091458e+02 1.028836e-49
3.100967e+02 1.029369e-49
3.110505e+02 1.029915e-49
3.120073e+02 1.030475e-49
3.129670e+02 1.031048e-49
3.139296e+02 1.031634e-49
3.148952e+02 1.032235e-49
3.158638e+02 1.032849e-49
3.168353e+02 1.033477e-49
3.178099e+02 1.034119e-49
3.187874e+02 1.034775e-49
3.197680e+02 1.035445e-49
3.207515e+02 1.036129e-49
3.217381e+02 1.036827e-49
3.227277e+02 1.037539e-49
3.237204e+02 1.038266e-49
3.247161e+02 1.039007e-49
3.257149e+02 1.039762e-49
3.267167e+02 1.040531e-49
3.277217e+02 1.041316e-49
3.287297e+02 1.042114e-49
3.297408e+02 1.042928e-49
3.307551e+02 1.043756e-49
3.317724e+02 1.044598e-49
3.327929e+02 1.045456e-49
3.338165e+02 1.046328e-49
3.348433e+02 1.047216e-49
3.358732e+02 1.048118e-49
3.369063e+02 1.049036e-49
3.379426e+02 1.049969e-49
3.389821e+02 1.050917e-49
3.400247e+02 1.051880e-49
3.410706e+02 1.052859e-49
3.421197e+02 1.053853e-49
3.431720e+02 1.054863e-49
3.442275e+02 1.055889e-49
3.452863e+02 1.056930e-49
3.463484e+02 1.057987e-49
3.474137e+02 1.059060e-49
3.484823e+02 1.060149e-49
3.495542e+02 1.061254e-49
3.506294e+02 1.062375e-49
3.517079e+02 1.063512e-49
3.527896e+02 1.064665e-49
3.538748e+02 1.065835e-49
3.549633e+02 1.067022e-49
3.560551e+02 1.068225e-49
3.571502e+02 1.069445e-49
3.582488e+02 1.070681e-49
3.593507e+02 1.071935e-49
3.604560e+02 1.073205e-49
3.615647e+02 1.074493e-49
3.626769e+02 1.075797e-49
3.637924e+02 1.077119e-49
3.649114e+02 1.078459e-49
3.660338e+02 1.079816e-49
3.671596e+02 1.081191e-49
3.682890e+02 1.082584e-49
3.694218e+02 1.083995e-49
3.705581e+02 1.085424e-49
3.716979e+02 1.086871e-49
3.728412e+02 1.088337e-49
3.739880e+02 1.089821e-49
3.751383e+02 1.091325e-49
3.762922e+02 1.092848e-49
3.774496e+02 1.094390e-49
3.786106e+02 1.095951e-49
3.797751e+02 1.097533e-49
3.809432e+02 1.099135e-49
3.821150e+02 1.100758e-49
3.832903e+02 1.102402e-49
3.844693e+02 1.104067e-49
3.856518e+02 1.105754e-49
3.868380e+02 1.107465e-49
3.880279e+02 1.109198e-49
3.892214e+02 1.110956e-49
3.904186e+02 1.112739e-49
3.916195e+02 1.114549e-49
3.928240e+02 1.116387e-49
3.940323e+02 1.118255e-49
3.952443e+02 1.120155e-49
3.964600e+02 1.122090e-49
3.976795e+02 1.124064e-49
3.989027e+02 1.126080e-49
4.001297e+02 1.128146e-49
4.013604e+02 1.130270e-49
4.025949e+02 1.132462e-49
4.038332e+02 1.134738e-49
4.050754e+02 1.137120e-49
4.063213e+02 1.139640e-49
4.075711e+02 1.142348e-49
4.088247e+02 1.145320e-49
4.100822e+02 1.148686e-49
4.113436e+02 1.152672e-49
4.126088e+02 1.157706e-49
4.138779e+02 1.164687e-49
4.151510e+02 1.175768e-49
4.164279e+02 1.197260e-49
4.177088e+02 1.255011e-49
4.189936e+02 1.565969e-49
4.202824e+02 3.467035e-47
4.215751e+02 1.509285e-49
4.228718e+02 1.252034e-49
4.241725e+02 1.204961e-49
4.254772e+02 1.189899e-49
4.267859e+02 1.184187e-49
4.280986e+02 1.182178e-49
4.294154e+02 1.181927e-49
4.307362e+02 1.182623e-49
4.320611e+02 1.183877e-49
4.333901e+02 1.185484e-49
4.347231e+02 1.187330e-49
4.360603e+02 1.189345e-49
4.374015e+02 1.191485e-49
4.387469e+02 1.193722e-49
4.400964e+02 1.196037e-49
4.414501e+02 1.198417e-49
4.428080e+02 1.200851e-49
4.441700e+02 1.203333e-49
4.455362e+02 1.205858e-49
4.469066e+02 1.208423e-49
4.482812e+02 1.211024e-49
4.496600e+02 1.213659e-49
4.510431e+02 1.216327e-49
4.524305e+02 1.219025e-49
4.538221e+02 1.221754e-49
4.552180e+02 1.224513e-49
4.566182e+02 1.227300e-49
4.580227e+02 1.230115e-49
4.594315e+02 1.232958e-49
4.608446e+02 1.235829e-49
4.622621e+02 1.238727e-49
4.636840e+02 1.241653e-49
4.651102e+02 1.244605e-49
4.665408e+02 1.247585e-49
4.679758e+02 1.250591e-49
4.694152e+02 1.253624e-49
4.708591e+02 1.256684e-49
4.723074e+02 1.259771e-49
4.737601e+02 1.262885e-49
4.752174e+02 1.266026e-49
4.766791e+02 1.269194e-49
4.781453e+02 1.272389e-49
4.796160e+02 1.275612e-49
4.810912e+02 1.278861e-49
4.825710e+02 1.282139e-49
4.840553e+02 1.285443e-49
4.855442e+02 1.288776e-49
4.870376e+02 1.292136e-49
4.885357e+02 1.295523e-49
4.900384e+02 1.298939e-49
4.915457e+02 1.302383e-49
4.930576e+02 1.305856e-49
4.945741e+02 1.309356e-49
4.960954e+02 1.312885e-49
4.976213e+02 1.316443e-49
4.991519e+02 1.320030e-49
5.006872e+02 1.323645e-49
5.022273e+02 1.327290e-49
5.037721e+02 1.330964e-49
5.053216e+02 1.334667e-49
5.068759e+02 1.338400e-49
5.084350e+02 1.342162e-49
5.099988e+02 1.345955e-49
5.115675e+02 1.349777e-49
5.131410e+02 1.353629e-49
5.147194e+02 1.357512e-49
5.163026e+02 1.361426e-49
5.178907e+02 1.365370e-49
5.194836e+02 1.369345e-49
5.210815e+02 1.373350e-49
5.226843e+02 1.377387e-49
5.242920e+02 1.381456e-49
5.259046e+02 1.385556e-49
5.275222e+02 1.389687e-49
5.291448e+02 1.393851e-49
5.307724e+02 1.398046e-49
5.324049e+02 1.402274e-49
5.340426e+02 1.406534e-49
5.356852e+02 1.410826e-49
5.373329e+02 1.415152e-49
5.389856e+02 1.419510e-49
5.406435e+02 1.423902e-49
5.423064e+02 1.428326e-49
5.439745e+02 1.432785e-49
5.456477e+02 1.437276e-49
5.473260e+02 1.441802e-49
5.490095e+02 1.446362e-49
5.506982e+02 1.450956e-49
5.523921e+02 1.455585e-49
5.540911e+02 1.460248e-49
5.557954e+02 1.464946e-49
5.575050e+02 1.469679e-49
5.592198e+02 1.474447e-49
5.609399e+02 1.479251e-49
5.626652e+02 1.484090e-49
5.643959e+02 1.488966e-49
5.661319e+02 1.493877e-49
5.678733e+02 1.498824e-49
5.696200e+02 1.503808e-49
5.713720e+02 1.508829e-49
5.731295e+02 1.513886e-49
5.748923e+02 1.518981e-49
5.766606e+02 1.524113e-49
5.784344e+02 1.529282e-49
5.802135e+02 1.534489e-49
5.819982e+02 1.539734e-49
5.837883e+02 1.545017e-49
5.855840e+02 1.550339e-49
5.873852e+02 1.555699e-49
5.891919e+02 1.561098e-49
5.910041e+02 1.566536e-49
5.928220e+02 1.572013e-49
5.946454e+02 1.577530e-49
5.964745e+02 1.583086e-49
5.983092e+02 1.588683e-49
6.001495e+02 1.594319e-49
6.019954e+02 1.599996e-49
6.038471e+02 1.605714e-49
6.057044e+02 1.611472e-49
6.075675e+02 1.617272e-49
6.094363e+02 1.623113e-49
6.113108e+02 1.628996e-49
6.131911e+02 1.634920e-49
6.150772e+02 1.640887e-49
6.169691e+02 1.646896e-49
6.188668e+02 1.652947e-49
6.207704e+02 1.659041e-49
6.226798e+02 1.665179e-49
6.245950e+02 1.671359e-49
6.265162e+02 1.677584e-49
6.284433e+02 1.683852e-49
6.303763e+02 1.690164e-49
6.323152e+02 1.696520e-49
6.342601e+02 1.702921e-49
6.362110e+02 1.709367e-49
6.381679e+02 1.715858e-49
6.401309e+02 1.722395e-49
6.420998e+02 1.728977e-49
6.440748e+02 1.735605e-49
6.460559e+02 1.742279e-49
6.480431e+02 1.749000e-49
6.500363e+02 1.755767e-49
6.520358e+02 1.762581e-49
6.540413e+02 1.769443e-49
6.560531e+02 1.776352e-49
6.580710e+02 1.783309e-49
6.600951e+02 1.790314e-49
6.621255e+02 1.797368e-49
6.641621e+02 1.804470e-49
6.662050e+02 1.811621e-49
6.682541e+02 1.818822e-49
6.703096e+02 1.826072e-49
6.723714e+02 1.833372e-49
6.744395e+02 1.840722e-49
6.765140e+02 1.848122e-49
6.785948e+02 1.855573e-49
6.806821e+02 1.863075e-49
6.827758e+02 1.870629e-49
6.848759e+02 1.878234e-49
6.869825e+02 1.885891e-49
6.890955e+02 1.893600e-49
6.912151e+02 1.901362e-49
6.933412e+02 1.909177e-49
6.954738e+02 1.917045e-49
6.976130e+02 1.924966e-49
6.997587e+02 1.932941e-49
7.019111e+02 1.940971e-49
7.040701e+02 1.949054e-49
7.062357e+02 1.957193e-49
7.084080e+02 1.965386e-49
7.105869e+02 1.973636e-49
7.127726e+02 1.981940e-49
7.149650e+02 1.990301e-49
7.171641e+02 1.998718e-49
7.193700e+02 2.007193e-49
7.215827e+02 2.015724e-49
7.238022e+02 2.024312e-49
7.260285e+02 2.032958e-49
7.282616e+02 2.041663e-49
7.305017e+02 2.050426e-49
7.327486e+02 2.059248e-49
7.350024e+02 2.068128e-49
7.372632e+02 2.077069e-49
7.395309e+02 2.086069e-49
7.418056e+02 2.095130e-49
7.440873e+02 2.104251e-49
7.463760e+02 2.113433e-49
7.486717e+02 2.122676e-49
7.509745e+02 2.131981e-49
7.532844e+02 2.141348e-49
7.556014e+02 2.150778e-49
7.579255e+02 2.160270e-49
7.602568e+02 2.169826e-49
7.625952e+02 2.179445e-49
7.649409e+02 2.189128e-49
7.672937e+02 2.198875e-49
7.696538e+02 2.208687e-49
7.720212e+02 2.218564e-49
7.743958e+02 2.228507e-49
7.767777e+02 2.238516e-49
7.791670e+02 2.248591e-49
7.815636e+02 2.258733e-49
7.839676e+02 2.268941e-49
7.863790e+02 2.279218e-49
7.887977e+02 2.289563e-49
7.912240e+02 2.299976e-49
7.936577e+02 2.310458e-49
7.960988e+02 2.321009e-49
7.985475e+02 2.331631e-49
8.010037e+02 2.342323e-49
8.034675e+02 2.353086e-49
8.059389e+02 2.363920e-49
8.084178e+02 2.374827e-49
8.109044e+02 2.385808e-49
8.133986e+02 2.396862e-49
8.159005e+02 2.407993e-49
8.184101e+02 2.419201e-49
8.209274e+02 2.430491e-49
8.234525e+02 2.441867e-49
8.259853e+02 2.453339e-49
8.285259e+02 2.464930e-49
8.310743e+02 2.476691e-49
8.336306e+02 2.488791e-49
8.361947e+02 2.502031e-49
8.387668e+02 2.526965e-49
8.413467e+02 2.583083e-49
8.439346e+02 2.538847e-49
8.465304e+02 2.548329e-49
8.491342e+02 2.559803e-49
8.517460e+02 2.571738e-49
8.543659e+02 2.583876e-49
8.569938e+02 2.596146e-49
8.596297e+02 2.608522e-49
8.622739e+02 2.620993e-49
8.649261e+02 2.633553e-49
8.675865e+02 2.646201e-49
8.702550e+02 2.658934e-49
8.729318e+02 2.671752e-49
8.756168e+02 2.684655e-49
8.783101e+02 2.697643e-49
8.810117e+02 2.710716e-49
8.837215e+02 2.723874e-49
8.864397e+02 2.737119e-49
8.891663e+02 2.750449e-49
8.919013e+02 2.763866e-49
8.946446e+02 2.777370e-49
8.973964e+02 2.790961e-49
9.001567e+02 2.804641e-49
9.029254e+02 2.818409e-49
9.057027e+02 2.832266e-49
9.084885e+02 2.846212e-49
9.112829e+02 2.860249e-49
9.140859e+02 2.874376e-49
9.168975e+02 2.888595e-49
9.197177e+02 2.902905e-49
9.225466e+02 2.917307e-49
9.253843e+02 2.931802e-49
9.282306e+02 2.946390e-49
9.310857e+02 2.961073e-49
9.339496e+02 2.975849e-49
9.368223e+02 2.990721e-49
9.397038e+02 3.005688e-49
9.425942e+02 3.020752e-49
9.454935e+02 3.035912e-49
9.484017e+02 3.051170e-49
9.513189e+02 3.066526e-49
9.542450e+02 3.081980e-49
9.571801e+02 3.097533e-49
9.601243e+02 3.113186e-49
9.630775e+02 3.128939e-49
9.660398e+02 3.144794e-49
9.690112e+02 3.160749e-49
9.719917e+02 3.176807e-49
9.749814e+02 3.192968e-49
9.779803e+02 3.209233e-49
9.809884e+02 3.225601e-49
9.840058e+02 3.242074e-49
9.870325e+02 3.258652e-49
9.900684e+02 3.275336e-49
9.931138e+02 3.292127e-49
9.961684e+02 3.309025e-49
9.992325e+02 3.326031e-49
1.002306e+03 3.343146e-49
1.005389e+03 3.360369e-49
1.008481e+03 3.377703e-49
1.011583e+03 3.395147e-49
1.014695e+03 3.412703e-49
1.017816e+03 3.430370e-49
1.020947e+03 3.448150e-49
1.024087e+03 3.466043e-49
1.027237e+03 3.484050e-49
1.030396e+03 3.502172e-49
1.033566e+03 3.520409e-49
1.036745e+03 3.538762e-49
1.039934e+03 3.557232e-49
1.043132e+03 3.575819e-49
1.046341e+03 3.594525e-49
1.049559e+03 3.613349e-49
1.052788e+03 3.632293e-49
1.056026e+03 3.651358e-49
1.059274e+03 3.670543e-49
1.062532e+03 3.689851e-49
1.065800e+03 3.709281e-49
1.069079e+03 3.728834e-49
1.072367e+03 3.748512e-49
1.075666e+03 3.768314e-49
1.078974e+03 3.788242e-49
1.082293e+03 3.808296e-49
1.085622e+03 3.828477e-49
1.088961e+03 3.848787e-49
1.092311e+03 3.869224e-49
1.095670e+03 3.889792e-49
1.099040e+03 3.910490e-49
1.102421e+03 3.931318e-49
1.105812e+03 3.952279e-49
1.109213e+03 3.973372e-49
1.112625e+03 3.994599e-49
1.116047e+03 4.015960e-49
1.119480e+03 4.037456e-49
1.122923e+03 4.059089e-49
1.126377e+03 4.080858e-49
1.129842e+03 4.102764e-49
1.133317e+03 4.124809e-49
1.136803e+03 4.146994e-49
1.140300e+03 4.169318e-49
1.143807e+03 4.191784e-49
1.147325e+03 4.214391e-49
1.150854e+03 4.237141e-49
1.154394e+03 4.260035e-49
1.157945e+03 4.283073e-49
1.161507e+03 4.306257e-49
1.165079e+03 4.329587e-49
1.168663e+03 4.353064e-49
1.172257e+03 4.376689e-49
1.175863e+03 4.400463e-49
1.179480e+03 4.424387e-49
1.183108e+03 4.448462e-49
1.186747e+03 4.472689e-49
1.190397e+03 4.497068e-49
1.194059e+03 4.521601e-49
1.197731e+03 4.546288e-49
1.201416e+03 4.571131e-49
1.205111e+03 4.596131e-49
1.208818e+03 4.621288e-49
1.212536e+03 4.646603e-49
1.216265e+03 4.672078e-49
1.220006e+03 4.697714e-49
1.223759e+03 4.723511e-49
1.227523e+03 4.749470e-49
1.231299e+03 4.775594e-49
1.235086e+03 4.801884e-49
1.238885e+03 4.828341e-49
1.242696e+03 4.854968e-49
1.246518e+03 4.881772e-49
1.250352e+03 4.908770e-49
1.254198e+03 4.936039e-49
1.258056e+03 4.964542e-49
1.261925e+03 4.997493e-49
1.265807e+03 5.018574e-49
1.269700e+03 5.046119e-49
1.273606e+03 5.074040e-49
1.277523e+03 5.102175e-49
1.281453e+03 5.130500e-49
1.285394e+03 5.159008e-49
1.289348e+03 5.187698e-49
1.293314e+03 5.216569e-49
1.297292e+03 5.245622e-49
1.301282e+03 5.274857e-49
1.305285e+03 5.304277e-49
1.309300e+03 5.333881e-49
1.313327e+03 5.363671e-49
1.317366e+03 5.393648e-49
1.321418e+03 5.423813e-49
1.325483e+03 5.454167e-49
1.329560e+03 5.484711e-49
1.333649e+03 5.515447e-49
1.337752e+03 5.546375e-49
1.341866e+03 5.577498e-49
1.345994e+03 5.608815e-49
1.350134e+03 5.640328e-49
1.354287e+03 5.672039e-49
1.358452e+03 5.703948e-49
1.362631e+03 5.736057e-49
1.366822e+03 5.768367e-49
1.371026e+03 5.800879e-49
1.375243e+03 5.833595e-49
1.379473e+03 5.866515e-49
1.383716e+03 5.899642e-49
1.387972e+03 5.932976e-49
1.392242e+03 5.966518e-49
1.396524e+03 6.000270e-49
1.400819e+03 6.034233e-49
1.405128e+03 6.068409e-49
1.409450e+03 6.102798e-49
1.413785e+03 6.137402e-49
1.418134e+03 6.172223e-49
1.422496e+03 6.207261e-49
1.426871e+03 6.242518e-49
1.431260e+03 6.277996e-49
1.435662e+03 6.313695e-49
1.440078e+03 6.349618e-49
1.444508e+03 6.385765e-49
1.448951e+03 6.422138e-49
1.453408e+03 6.458738e-49
1.457878e+03 6.495566e-49
1.462362e+03 6.532625e-49
1.466860e+03 6.569917e-49
1.471372e+03 6.607443e-49
1.475898e+03 6.645203e-49
1.480438e+03 6.683199e-49
1.484991e+03 6.721433e-49
1.489559e+03 6.759905e-49
1.494141e+03 6.798617e-49
1.498736e+03 6.837570e-49
1.503346e+03 6.876767e-49
1.507970e+03 6.916208e-49
1.512609e+03 6.955896e-49
1.517261e+03 6.995831e-49
1.521928e+03 7.036015e-49
1.526609e+03 7.076450e-49
1.531305e+03 7.117137e-49
1.536015e+03 7.158077e-49
1.540740e+03 7.199273e-49
1.545479e+03 7.240726e-49
1.550232e+03 7.282437e-49
1.555001e+03 7.324412e-49
1.559784e+03 7.366682e-49
1.564581e+03 7.409215e-49
1.569394e+03 7.452014e-49
1.574221e+03 7.495079e-49
1.579063e+03 7.538412e-49
1.583920e+03 7.582015e-49
1.588792e+03 7.625890e-49
1.593679e+03 7.670038e-49
1.598581e+03 7.714461e-49
1.603498e+03 7.759161e-49
1.608430e+03 7.804139e-49
1.613377e+03 7.849397e-49
1.618340e+03 7.894937e-49
1.623318e+03 7.940760e-49
1.628311e+03 7.986869e-49
1.633319e+03 8.033264e-49
1.638343e+03 8.079949e-49
1.643382e+03 8.126925e-49
1.648437e+03 8.174192e-49
1.653507e+03 8.221755e-49
1.658593e+03 8.269615e-49
1.663695e+03 8.317775e-49
1.668812e+03 8.366242e-49
1.673945e+03 8.415048e-49
1.679094e+03 8.465084e-49
1.684259e+03 8.513726e-49
1.689439e+03 8.563118e-49
1.694636e+03 8.613068e-49
1.699848e+03 8.663351e-49
1.705077e+03 8.713951e-49
1.710321e+03 8.764868e-49
1.715582e+03 8.816103e-49
1.720859e+03 8.867656e-49
1.726152e+03 8.919531e-49
1.731461e+03 8.971728e-49
1.736787e+03 9.024250e-49
1.742129e+03 9.077098e-49
1.747488e+03 9.130275e-49
1.752863e+03 9.183782e-49
1.758254e+03 9.237622e-49
1.763662e+03 9.291797e-49
1.769087e+03 9.346308e-49
1.774529e+03 9.401158e-49
1.779987e+03 9.456349e-49
1.785462e+03 9.511884e-49
1.790954e+03 9.567763e-49
1.796462e+03 9.623989e-49
1.801988e+03 9.680565e-49
1.807531e+03 9.737493e-49
1.813091e+03 9.794773e-49
1.818667e+03 9.852410e-49
1.824261e+03 9.910406e-49
1.829872e+03 9.968761e-49
1.835501e+03 1.002748e-48
1.841147e+03 1.008656e-48
1.846810e+03 1.014601e-48
1.852490e+03 1.020583e-48
1.858188e+03 1.026602e-48
1.863904e+03 1.032658e-48
1.869637e+03 1.038752e-48
1.875388e+03 1.044884e-48
1.881156e+03 1.051054e-48
1.886942e+03 1.057262e-48
1.892746e+03 1.063509e-48
1.898568e+03 1.069795e-48
1.904408e+03 1.076120e-48
1.910265e+03 1.082483e-48
1.916141e+03 1.088887e-48
1.922035e+03 1.095330e-48
1.927947e+03 1.101813e-48
1.933877e+03 1.108336e-48
1.939825e+03 1.114900e-48
1.945792e+03 1.121521e-48
1.951777e+03 1.128189e-48
1.957780e+03 1.134899e-48
1.963802e+03 1.141651e-48
1.969842e+03 1.148444e-48
1.975901e+03 1.155279e-48
1.981979e+03 1.162157e-48
1.988075e+03 1.169077e-48
1.994190e+03 1.176041e-48
2.000324e+03 1.183047e-48
2.006477e+03 1.190097e-48
2.012648e+03 1.197190e-48
2.018839e+03 1.204328e-48
2.025049e+03 1.211509e-48
2.031277e+03 1.218735e-48
2.037525e+03 1.226006e-48
2.043793e+03 1.233322e-48
2.050079e+03 1.240683e-48
2.056385e+03 1.248090e-48
2.062710e+03 1.255542e-48
2.069055e+03 1.263041e-48
2.075419e+03 1.270586e-48
2.081802e+03 1.278179e-48
2.088206e+03 1.285818e-48
2.094629e+03 1.293507e-48
2.101071e+03 1.312817e-48
2.107534e+03 1.309023e-48
2.114017e+03 1.316850e-48
2.120519e+03 1.324728e-48
2.127041e+03 1.332655e-48
2.133584e+03 1.340631e-48
2.140146e+03 1.348657e-48
2.146729e+03 1.356732e-48
2.153332e+03 1.364858e-48
2.159956e+03 1.373033e-48
2.166599e+03 1.381260e-48
2.173263e+03 1.389537e-48
2.179948e+03 1.397865e-48
2.186653e+03 1.406245e-48
2.193379e+03 1.414677e-48
2.200126e+03 1.423161e-48
2.206893e+03 1.431698e-48
2.213681e+03 1.440288e-48
2.220490e+03 1.448931e-48
2.227320e+03 1.457627e-48
2.234171e+03 1.466377e-48
2.241043e+03 1.475181e-48
2.247936e+03 1.484040e-48
2.254850e+03 1.492953e-48
2.261786e+03 1.501922e-48
2.268743e+03 1.510946e-48
2.275721e+03 1.520026e-48
2.282721e+03 1.529163e-48
2.289742e+03 1.538356e-48
2.296785e+03 1.547605e-48
2.303850e+03 1.556913e-48
2.310936e+03 1.566277e-48
2.318044e+03 1.575700e-48
2.325174e+03 1.585181e-48
2.332326e+03 1.594720e-48
2.339500e+03 1.604319e-48
2.346696e+03 1.613977e-48
2.353914e+03 1.623695e-48
2.361154e+03 1.633473e-48
2.368417e+03 1.643312e-48
2.375702e+03 1.653211e-48
2.383009e+03 1.663172e-48
2.390339e+03 1.673194e-48
2.397691e+03 1.683279e-48
2.405066e+03 1.693425e-48
2.412464e+03 1.703635e-48
2.419884e+03 1.713908e-48
2.427327e+03 1.724244e-48
2.434794e+03 1.734645e-48
2.442283e+03 1.745109e-48
2.449795e+03 1.755639e-48
2.457330e+03 1.766234e-48
2.464888e+03 1.776894e-48
2.472470e+03 1.787620e-48
2.480075e+03 1.798413e-48
2.487703e+03 1.809272e-48
2.495355e+03 1.820199e-48
2.503031e+03 1.831194e-48
2.510729e+03 1.842256e-48
2.518452e+03 1.853396e-48
2.526199e+03 1.864590e-48
2.533969e+03 1.875855e-48
2.541763e+03 1.887194e-48
2.549581e+03 1.898603e-48
2.557423e+03 1.910082e-48
2.565289e+03 1.921633e-48
2.573180e+03 1.933254e-48
2.581095e+03 1.944948e-48
2.589034e+03 1.956715e-48
2.596997e+03 1.968554e-48
2.604985e+03 1.980467e-48
2.612998e+03 1.992453e-48
2.621035e+03 2.004513e-48
2.629097e+03 2.016648e-48
2.637184e+03 2.028858e-48
2.645295e+03 2.041144e-48
2.653432e+03 2.053505e-48
2.661593e+03 2.065943e-48
2.669780e+03 2.078459e-48
2.677992e+03 2.091051e-48
2.686229e+03 2.103722e-48
2.694492e+03 2.116471e-48
2.702779e+03 2.129299e-48
2.711093e+03 2.142206e-48
2.719432e+03 2.155193e-48
2.727796e+03 2.168261e-48
2.736187e+03 2.181409e-48
2.744603e+03 2.194639e-48
2.753045e+03 2.207951e-48
2.761513e+03 2.221345e-48
2.770007e+03 2.234822e-48
2.778527e+03 2.248382e-48
2.787073e+03 2.262027e-48
2.795646e+03 2.275756e-48
2.804245e+03 2.289569e-48
2.812870e+03 2.303469e-48
2.821522e+03 2.317454e-48
2.830201e+03 2.331526e-48
2.838906e+03 2.345685e-48
2.847638e+03 2.359932e-48
2.856397e+03 2.374266e-48
2.865183e+03 2.388690e-48
2.873996e+03 2.403203e-48
2.882836e+03 2.417805e-48
2.891703e+03 2.432499e-48
2.900598e+03 2.447283e-48
2.909519e+03 2.462158e-48
2.918469e+03 2.477126e-48
2.927446e+03 2.492186e-48
2.936450e+03 2.507341e-48
2.945482e+03 2.522590e-48
2.954542e+03 2.537929e-48
2.963630e+03 2.553366e-48
2.972745e+03 2.568898e-48
2.981889e+03 2.584526e-48
2.991061e+03 2.600251e-48
3.000261e+03 2.616074e-48
3.009490e+03 2.631995e-48
3.018746e+03 2.648014e-48
3.028032e+03 2.664132e-48
3.037345e+03 2.680350e-48
3.046688e+03 2.696668e-48
3.056059e+03 2.713088e-48
3.065459e+03 2.729609e-48
3.074888e+03 2.746233e-48
3.084346e+03 2.762959e-48
3.093833e+03 2.779789e-48
3.103349e+03 2.796723e-48
3.112894e+03 2.813762e-48
3.122469e+03 2.830907e-48
3.132073e+03 2.848157e-48
3.141707e+03 2.865515e-48
3.151371e+03 2.882980e-48
3.161064e+03 2.900553e-48
3.170787e+03 2.918235e-48
3.180540e+03 2.936027e-48
3.190323e+03 2.953928e-48
3.200136e+03 2.971941e-48
3.209979e+03 2.990065e-48
3.219852e+03 3.008302e-48
3.229756e+03 3.026651e-48
3.239690e+03 3.045114e-48
3.249655e+03 3.063691e-48
3.259651e+03 3.082383e-48
3.269677e+03 3.101191e-48
3.279734e+03 3.120116e-48
3.289822e+03 3.139158e-48
3.299941e+03 3.158318e-48
3.310091e+03 3.177596e-48
3.320273e+03 3.196994e-48
3.330485e+03 3.216513e-48
3.340729e+03 3.236152e-48
3.351005e+03 3.255913e-48
3.361312e+03 3.275888e-48
3.371651e+03 3.295802e-48
3.382022e+03 3.315932e-48
3.392424e+03 3.336187e-48
3.402859e+03 3.356568e-48
3.413326e+03 3.377074e-48
3.423825e+03 3.397708e-48
3.434356e+03 3.418470e-48
3.444919e+03 3.439360e-48
3.455515e+03 3.460380e-48
3.466144e+03 3.481530e-48
3.476805e+03 3.502811e-48
3.487500e+03 3.524224e-48
3.498227e+03 3.545770e-48
3.508987e+03 3.567449e-48
3.519780e+03 3.589262e-48
3.530606e+03 3.611211e-48
3.541466e+03 3.633296e-48
3.552359e+03 3.655518e-48
3.563285e+03 3.677877e-48
3.574246e+03 3.700375e-48
3.585240e+03 3.723013e-48
3.596267e+03 3.745791e-48
3.607329e+03 3.768709e-48
3.618424e+03 3.791770e-48
3.629554e+03 3.814975e-48
3.640718e+03 3.838322e-48
3.651916e+03 3.861815e-48
3.663149e+03 3.885453e-48
3.674417e+03 3.909238e-48
3.685719e+03 3.933170e-48
3.697055e+03 3.957251e-48
3.708427e+03 3.981481e-48
3.719834e+03 4.005861e-48
3.731275e+03 4.030393e-48
3.742752e+03 4.055077e-48
3.754264e+03 4.079913e-48
3.765812e+03 4.104904e-48
3.777395e+03 4.130051e-48
3.789014e+03 4.155352e-48
3.800668e+03 4.180810e-48
3.812358e+03 4.206426e-48
3.824085e+03 4.232202e-48
3.835847e+03 4.258137e-48
3.847646e+03 4.284233e-48
3.859480e+03 4.310491e-48
3.871352e+03 4.336912e-48
3.883259e+03 4.363497e-48
3.895204e+03 4.390247e-48
3.907185e+03 4.417163e-48
3.919203e+03 4.444245e-48
3.931258e+03 4.471496e-48
3.943350e+03 4.498916e-48
3.955479e+03 4.526506e-48
3.967645e+03 4.554268e-48
3.979849e+03 4.582201e-48
3.992091e+03 4.610308e-48
4.004370e+03 4.638590e-48
4.016687e+03 4.667046e-48
4.029041e+03 4.695680e-48
4.041434e+03 4.724491e-48
4.053865e+03 4.753481e-48
4.066334e+03 4.782651e-48
4.078842e+03 4.812003e-48
4.091388e+03 4.841536e-48
4.103972e+03 4.871253e-48
4.116595e+03 4.901154e-48
4.129257e+03 4.931241e-48
4.141958e+03 4.961515e-48
4.154699e+03 4.991977e-48
4.167478e+03 5.022628e-48
4.180296e+03 5.053469e-48
4.193154e+03 5.084502e-48
4.206052e+03 5.115728e-48
4.218989e+03 5.147147e-48
4.231966e+03 5.178762e-48
4.244983e+03 5.210573e-48
4.258040e+03 5.242581e-48
4.271137e+03 5.274789e-48
4.284275e+03 5.307196e-48
4.297452e+03 5.339805e-48
4.310671e+03 5.372617e-48
4.323930e+03 5.405632e-48
4.337230e+03 5.438853e-48
4.350570e+03 5.472280e-48
4.363952e+03 5.505915e-48
4.377375e+03 5.539759e-48
4.390839e+03 5.573813e-48
4.404345e+03 5.608079e-48
4.417892e+03 5.642558e-48
4.431481e+03 5.677251e-48
4.445111e+03 5.712160e-48
4.458784e+03 5.747286e-48
4.472498e+03 5.782630e-48
4.486255e+03 5.818194e-48
4.500054e+03 5.853979e-48
4.513896e+03 5.889987e-48
4.527780e+03 5.926219e-48
4.541707e+03 5.962676e-48
4.555676e+03 5.999360e-48
4.569689e+03 6.036272e-48
4.583745e+03 6.073413e-48
4.597843e+03 6.110786e-48
4.611986e+03 6.148391e-48
4.626172e+03 6.186230e-48
4.640401e+03 6.224304e-48
4.654674e+03 6.262616e-48
4.668991e+03 6.301165e-48
4.683353e+03 6.339955e-48
4.697758e+03 6.378986e-48
4.712208e+03 6.418260e-48
4.726702e+03 6.457779e-48
4.741240e+03 6.497543e-48
4.755824e+03 6.537556e-48
4.770452e+03 6.577816e-48
4.785125e+03 6.618328e-48
4.799843e+03 6.659092e-48
4.814607e+03 6.700110e-48
4.829416e+03 6.741383e-48
4.844271e+03 6.782914e-48
4.859171e+03 6.824703e-48
4.874117e+03 6.866752e-48
4.889109e+03 6.909063e-48
4.904148e+03 6.951638e-48
4.919232e+03 6.994478e-48
4.934363e+03 7.037586e-48
4.949540e+03 7.080961e-48
4.964764e+03 7.124607e-48
4.980035e+03 7.168525e-48
4.995353e+03 7.212716e-48
5.010718e+03 7.257183e-48
5.026130e+03 7.301928e-48
5.041590e+03 7.346956e-48
5.057097e+03 7.392255e-48
5.072652e+03 7.437841e-48
5.088255e+03 7.483711e-48
5.103906e+03 7.529869e-48
5.119605e+03 7.576313e-48
5.135352e+03 7.623047e-48
5.151147e+03 7.670073e-48
5.166992e+03 7.717392e-48
5.182884e+03 7.765006e-48
5.198826e+03 7.812918e-48
5.214817e+03 7.861128e-48
5.230857e+03 7.909639e-48
5.246947e+03 7.958453e-48
5.263085e+03 8.007572e-48
5.279274e+03 8.056997e-48
5.295512e+03 8.106731e-48
5.311800e+03 8.156775e-48
5.328139e+03 8.207131e-48
5.344527e+03 8.257803e-48
5.360966e+03 8.308790e-48
5.377456e+03 8.360096e-48
5.393996e+03 8.411723e-48
5.410587e+03 8.463672e-48
5.427230e+03 8.515946e-48
5.443923e+03 8.568546e-48
5.460668e+03 8.621476e-48
5.477464e+03 8.674734e-48
5.494312e+03 8.728327e-48
5.511212e+03 8.782255e-48
5.528163e+03 8.836519e-48
5.545167e+03 8.891123e-48
5.562223e+03 8.946068e-48
5.579332e+03 9.001357e-48
5.596493e+03 9.056992e-48
5.613707e+03 9.112975e-48
5.630974e+03 9.169308e-48
5.648294e+03 9.225993e-48
5.665667e+03 9.283034e-48
5.683094e+03 9.340431e-48
5.700575e+03 9.398187e-48
5.718109e+03 9.456304e-48
5.735697e+03 9.514786e-48
5.753339e+03 9.573634e-48
5.771036e+03 9.632849e-48
5.788787e+03 9.692436e-48
5.806592e+03 9.752396e-48
5.824452e+03 9.812732e-48
5.842367e+03 9.873447e-48
5.860338e+03 9.934542e-48
5.878363e+03 9.996021e-48
5.896444e+03 1.005788e-47
5.914581e+03 1.012013e-47
5.932773e+03 1.018278e-47
5.951022e+03 1.024581e-47
5.969326e+03 1.030924e-47
5.987687e+03 1.037307e-47
6.006104e+03 1.043729e-47
6.024578e+03 1.050192e-47
6.043109e+03 1.056696e-47
6.061697e+03 1.063240e-47
6.080342e+03 1.069826e-47
6.099044e+03 1.076453e-47
6.117804e+03 1.083121e-47
6.136621e+03 1.089831e-47
6.155497e+03 1.096584e-47
6.174430e+03 1.103378e-47
6.193422e+03 1.110216e-47
6.212472e+03 1.117096e-47
6.231580e+03 1.124020e-47
6.250748e+03 1.130987e-47
6.269974e+03 1.137998e-47
6.289260e+03 1.145053e-47
6.308605e+03 1.152152e-47
6.328009e+03 1.159296e-47
6.347473e+03 1.166485e-47
6.366997e+03 1.173720e-47
6.386581e+03 1.180999e-47
6.406225e+03 1.188325e-47
6.425930e+03 1.195696e-47
6.445695e+03 1.203114e-47
6.465521e+03 1.210579e-47
6.485408e+03 1.218091e-47
6.505356e+03 1.225650e-47
6.525366e+03 1.233256e-47
6.545437e+03 1.240911e-47
6.565570e+03 1.248614e-47
6.585765e+03 1.256365e-47
6.606021e+03 1.264165e-47
6.626341e+03 1.272015e-47
6.646722e+03 1.279913e-47
6.667167e+03 1.287862e-47
6.687674e+03 1.295861e-47
6.708244e+03 1.303910e-47
6.728878e+03 1.312010e-47
6.749575e+03 1.320162e-47
6.770336e+03 1.328364e-47
6.791160e+03 1.336619e-47
6.812049e+03 1.344926e-47
6.833002e+03 1.353285e-47
6.854019e+03 1.361697e-47
6.875101e+03 1.370162e-47
6.896248e+03 1.378681e-47
6.917460e+03 1.387253e-47
6.938737e+03 1.395880e-47
6.960080e+03 1.404562e-47
6.981488e+03 1.413298e-47
7.002962e+03 1.422090e-47
7.024502e+03 1.430937e-47
7.046108e+03 1.439840e-47
7.067781e+03 1.448800e-47
7.089521e+03 1.457816e-47
7.111327e+03 1.466890e-47
7.133200e+03 1.476021e-47
7.155141e+03 1.485210e-47
7.177149e+03 1.494458e-47
7.199225e+03 1.503764e-47
7.221369e+03 1.513129e-47
7.243581e+03 1.522553e-47
7.265861e+03 1.532038e-47
7.288210e+03 1.541582e-47
7.310627e+03 1.551188e-47
7.333114e+03 1.560854e-47
7.355669e+03 1.570582e-47
7.378294e+03 1.580371e-47
7.400989e+03 1.590223e-47
7.423753e+03 1.600138e-47
7.446588e+03 1.610116e-47
7.469493e+03 1.620157e-47
7.492468e+03 1.630262e-47
7.515513e+03 1.640432e-47
7.538630e+03 1.650666e-47
7.561818e+03 1.660966e-47
7.585077e+03 1.671331e-47
7.608408e+03 1.681763e-47
7.631810e+03 1.692261e-47
7.655284e+03 1.702826e-47
7.678831e+03 1.713459e-47
7.702450e+03 1.724159e-47
7.726141e+03 1.734928e-47
7.749906e+03 1.745766e-47
7.773744e+03 1.756673e-47
7.797654e+03 1.767650e-47
7.821639e+03 1.778698e-47
7.845697e+03 1.789815e-47
7.869829e+03 1.801005e-47
7.894036e+03 1.812266e-47
7.918317e+03 1.823599e-47
7.942672e+03 1.835005e-47
7.967103e+03 1.846484e-47
7.991609e+03 1.858036e-47
8.016190e+03 1.869663e-47
8.040846e+03 1.881365e-47
8.065579e+03 1.893142e-47
8.090387e+03 1.904995e-47
8.115272e+03 1.916924e-47
8.140234e+03 1.928929e-47
8.165272e+03 1.941012e-47
8.190387e+03 1.953174e-47
8.215580e+03 1.965413e-47
8.240850e+03 1.977731e-47
8.266197e+03 1.990129e-47
8.291623e+03 2.002607e-47
8.317127e+03 2.015166e-47
8.342709e+03 2.027806e-47
8.368370e+03 2.040527e-47
8.394110e+03 2.053331e-47
8.419929e+03 2.066218e-47
8.445828e+03 2.079189e-47
8.471806e+03 2.092243e-47
8.497864e+03 2.105382e-47
8.524002e+03 2.118607e-47
8.550221e+03 2.131917e-47
8.576520e+03 2.145314e-47
8.602900e+03 2.158799e-47
8.629361e+03 2.172371e-47
8.655904e+03 2.186031e-47
8.682529e+03 2.199781e-47
8.709235e+03 2.213620e-47
8.736023e+03 2.227549e-47
8.762894e+03 2.241570e-47
8.789847e+03 2.255682e-47
8.816884e+03 2.269887e-47
8.844003e+03 2.284184e-47
8.871206e+03 2.298576e-47
8.898493e+03 2.313061e-47
8.925863e+03 2.327642e-47
8.953318e+03 2.342319e-47
8.980857e+03 2.357092e-47
9.008481e+03 2.371962e-47
9.036190e+03 2.386931e-47
9.063984e+03 2.401998e-47
9.091863e+03 2.417165e-47
9.119828e+03 2.432431e-47
9.147880e+03 2.447799e-47
9.176017e+03 2.463269e-47
9.204241e+03 2.478841e-47
9.232552e+03 2.494516e-47
9.260950e+03 2.510296e-47
9.289436e+03 2.526180e-47
9.318009e+03 2.542170e-47
9.346669e+03 2.558267e-47
9.375418e+03 2.574471e-47
9.404256e+03 2.590784e-47
9.433182e+03 2.607205e-47
9.462197e+03 2.623737e-47
9.491302e+03 2.640379e-47
9.520496e+03 2.657133e-47
9.549779e+03 2.674000e-47
9.579153e+03 2.690980e-47
9.608617e+03 2.708075e-47
9.638172e+03 2.725286e-47
9.667817e+03 2.742612e-47
9.697554e+03 2.760057e-47
9.727383e+03 2.777619e-47
9.757303e+03 2.795301e-47
9.787315e+03 2.813103e-47
9.817419e+03 2.831026e-47
9.847616e+03 2.849072e-47
9.877906e+03 2.867242e-47
9.908289e+03 2.885536e-47
9.938765e+03 2.903956e-47
9.969336e+03 2.922502e-47
1.000000e+04 2.941176e-47
