1.000000e+00 6.045529e-31
1.009300e+00 5.221508e-31
1.018600e+00 4.510063e-31
1.028000e+00 3.895507e-31
1.037600e+00 3.364812e-31
1.047200e+00 2.906504e-31
1.056900e+00 2.510711e-31
1.066700e+00 2.168765e-31
1.076500e+00 1.873505e-31
1.086500e+00 1.618453e-31
1.096600e+00 1.398162e-31
1.106700e+00 1.207910e-31
1.117000e+00 1.043548e-31
1.127300e+00 9.016207e-32
1.137800e+00 7.789681e-32
1.148300e+00 6.730392e-32
1.158900e+00 5.815332e-32
1.169700e+00 5.024771e-32
1.180500e+00 4.341806e-32
1.191500e+00 3.751969e-32
1.202500e+00 3.242160e-32
1.213600e+00 2.801606e-32
1.224900e+00 2.421136e-32
1.236200e+00 2.092362e-32
1.247700e+00 1.808487e-32
1.259200e+00 1.563000e-32
1.270900e+00 1.350941e-32
1.282600e+00 1.167696e-32
1.294500e+00 1.009221e-32
1.306500e+00 8.723747e-33
1.318600e+00 7.541012e-33
1.330800e+00 6.518948e-33
1.343200e+00 5.635655e-33
1.355600e+00 4.872180e-33
1.368200e+00 4.212270e-33
1.380800e+00 3.642002e-33
1.393600e+00 3.149005e-33
1.406500e+00 2.722857e-33
1.419600e+00 2.354482e-33
1.432700e+00 2.035995e-33
1.446000e+00 1.760726e-33
1.459400e+00 1.522716e-33
1.472900e+00 1.316964e-33
1.486500e+00 1.138995e-33
1.500300e+00 9.852065e-34
1.514200e+00 8.521729e-34
1.528200e+00 7.371768e-34
1.542400e+00 6.377140e-34
1.556700e+00 5.516861e-34
1.571100e+00 4.772914e-34
1.585600e+00 4.129837e-34
1.600300e+00 3.573234e-34
1.615100e+00 3.091971e-34
1.630100e+00 2.675514e-34
1.645200e+00 2.315571e-34
1.660400e+00 2.003923e-34
1.675800e+00 1.734489e-34
1.691300e+00 1.501115e-34
1.707000e+00 1.299372e-34
1.722800e+00 1.124872e-34
1.738800e+00 9.738729e-35
1.754900e+00 8.431647e-35
1.771100e+00 7.300506e-35
1.787500e+00 6.321681e-35
1.804100e+00 5.474668e-35
1.820800e+00 4.742113e-35
1.837700e+00 4.109195e-35
1.854700e+00 3.567076e-35
1.871900e+00 3.226126e-35
1.889200e+00 2.722022e-35
1.906700e+00 2.318808e-35
1.924400e+00 2.005159e-35
1.942200e+00 1.736306e-35
1.960200e+00 1.504121e-35
1.978300e+00 1.303210e-35
1.996600e+00 1.129363e-35
2.015100e+00 9.787512e-36
2.033800e+00 8.483239e-36
2.052600e+00 7.353317e-36
2.071600e+00 6.374615e-36
2.090800e+00 5.526731e-36
2.110200e+00 4.792159e-36
2.129700e+00 4.155482e-36
2.149500e+00 3.603543e-36
2.169400e+00 3.125470e-36
2.189500e+00 2.710962e-36
2.209800e+00 2.351622e-36
2.230200e+00 2.040041e-36
2.250900e+00 1.769964e-36
2.271700e+00 1.535864e-36
2.292800e+00 1.332639e-36
2.314000e+00 1.156700e-36
2.335400e+00 1.003804e-36
2.357100e+00 8.714223e-37
2.378900e+00 7.564999e-37
2.400900e+00 6.568130e-37
2.423200e+00 5.703119e-37
2.445600e+00 4.952500e-37
2.468300e+00 4.301261e-37
2.491100e+00 3.736021e-37
2.514200e+00 3.245353e-37
2.537500e+00 2.819398e-37
2.561000e+00 2.449755e-37
2.584700e+00 2.128715e-37
2.608700e+00 1.849946e-37
2.632800e+00 1.607930e-37
2.657200e+00 1.397713e-37
2.681800e+00 1.215080e-37
2.706700e+00 1.056510e-37
2.731700e+00 9.186961e-38
2.757000e+00 7.989668e-38
2.782600e+00 6.949023e-38
2.808300e+00 6.045206e-38
2.834300e+00 5.259225e-38
2.860600e+00 4.575749e-38
2.887100e+00 3.982020e-38
2.913800e+00 3.465555e-38
2.940800e+00 3.016474e-38
2.968100e+00 2.626020e-38
2.995500e+00 2.286446e-38
3.023300e+00 1.990921e-38
3.051300e+00 1.733962e-38
3.079600e+00 1.510195e-38
3.108100e+00 1.315609e-38
3.136900e+00 1.146184e-38
3.165900e+00 9.988403e-39
3.195200e+00 8.704890e-39
3.224800e+00 7.587281e-39
3.254700e+00 6.614244e-39
3.284900e+00 5.766884e-39
3.315300e+00 5.028795e-39
3.346000e+00 4.385883e-39
3.377000e+00 3.825670e-39
3.408300e+00 3.337604e-39
3.439800e+00 2.912221e-39
3.471700e+00 2.541571e-39
3.503800e+00 2.218316e-39
3.536300e+00 1.936616e-39
3.569000e+00 1.690937e-39
3.602100e+00 1.476634e-39
3.635500e+00 1.289815e-39
3.669100e+00 1.126743e-39
3.703100e+00 9.845161e-40
3.737400e+00 8.604249e-40
3.772000e+00 7.521306e-40
3.807000e+00 6.575634e-40
3.842200e+00 5.749924e-40
3.877800e+00 5.029255e-40
3.913700e+00 4.399926e-40
3.950000e+00 3.850229e-40
3.986600e+00 3.369794e-40
4.023500e+00 2.950150e-40
4.060800e+00 2.583413e-40
4.098400e+00 2.262918e-40
4.136300e+00 1.982746e-40
4.174700e+00 1.737651e-40
4.213300e+00 1.523250e-40
4.252300e+00 1.335874e-40
4.291700e+00 1.171806e-40
4.331500e+00 1.028399e-40
4.371600e+00 9.026900e-41
4.412100e+00 7.927053e-41
4.453000e+00 6.964069e-41
4.494200e+00 6.120559e-41
4.535800e+00 5.381543e-41
4.577800e+00 4.733990e-41
4.620200e+00 4.166444e-41
4.663000e+00 3.668725e-41
4.706200e+00 3.232264e-41
4.749800e+00 2.849318e-41
4.793800e+00 2.513318e-41
4.838200e+00 2.218316e-41
4.883000e+00 1.959213e-41
4.928200e+00 1.731725e-41
4.973900e+00 1.531705e-41
5.020000e+00 1.355933e-41
5.066500e+00 1.201385e-41
5.113400e+00 1.065304e-41
5.160700e+00 9.455625e-42
5.208500e+00 8.401302e-42
5.256800e+00 7.472022e-42
5.305500e+00 6.653304e-42
5.354600e+00 5.930686e-42
5.404200e+00 5.292760e-42
5.454300e+00 4.729755e-42
5.504800e+00 4.232072e-42
5.555800e+00 3.791977e-42
5.607200e+00 3.402549e-42
5.659200e+00 3.057252e-42
5.711600e+00 2.751617e-42
5.764500e+00 2.480310e-42
5.817900e+00 2.239213e-42
5.871800e+00 2.025214e-42
5.926200e+00 1.834670e-42
5.981000e+00 1.665132e-42
6.036400e+00 1.513638e-42
6.092300e+00 1.378746e-42
6.148800e+00 1.257987e-42
6.205700e+00 1.150042e-42
6.263200e+00 1.053292e-42
6.321200e+00 9.663480e-43
6.379800e+00 8.883251e-43
6.438900e+00 8.181203e-43
6.498500e+00 7.548482e-43
6.558700e+00 6.977428e-43
6.619400e+00 6.461266e-43
6.680700e+00 5.993856e-43
6.742600e+00 5.569935e-43
6.805100e+00 5.184864e-43
6.868100e+00 4.834421e-43
6.931700e+00 4.514899e-43
6.995900e+00 4.223180e-43
7.060700e+00 3.956410e-43
7.126100e+00 3.711856e-43
7.192100e+00 3.487493e-43
7.258700e+00 3.281113e-43
7.326000e+00 3.091138e-43
7.393800e+00 2.915892e-43
7.462300e+00 2.753940e-43
7.531400e+00 2.604061e-43
7.601200e+00 2.465123e-43
7.671600e+00 2.336272e-43
7.742600e+00 2.216432e-43
7.814400e+00 2.104883e-43
7.886700e+00 2.000952e-43
7.959800e+00 1.904013e-43
8.033500e+00 1.770306e-43
8.107900e+00 1.684117e-43
8.183000e+00 1.603122e-43
8.258800e+00 1.527090e-43
8.335300e+00 1.455651e-43
8.412500e+00 1.388382e-43
8.490400e+00 1.325033e-43
8.569100e+00 1.265225e-43
8.648400e+00 1.208883e-43
8.728500e+00 1.155592e-43
8.809400e+00 1.105363e-43
8.891000e+00 1.057746e-43
8.973300e+00 1.012831e-43
9.056400e+00 9.702602e-44
9.140300e+00 9.299450e-44
9.225000e+00 8.918585e-44
9.310400e+00 8.557380e-44
9.396600e+00 8.215676e-44
9.483700e+00 7.892728e-44
9.571500e+00 7.587270e-44
9.660200e+00 7.298643e-44
9.749600e+00 7.026210e-44
9.840000e+00 6.769884e-44
9.931100e+00 6.528536e-44
1.002300e+01 6.303112e-44
1.011600e+01 6.056521e-44
1.021000e+01 5.819674e-44
1.030400e+01 5.594171e-44
1.040000e+01 5.374979e-44
1.049600e+01 5.166074e-44
1.059300e+01 4.964875e-44
1.069100e+01 4.771603e-44
1.079000e+01 4.585594e-44
1.089000e+01 4.406641e-44
1.099100e+01 4.234541e-44
1.109300e+01 4.069096e-44
1.119600e+01 3.910111e-44
1.129900e+01 3.758558e-44
1.140400e+01 3.611520e-44
1.151000e+01 3.470396e-44
1.161600e+01 3.335737e-44
1.172400e+01 3.205174e-44
1.183200e+01 3.081078e-44
1.194200e+01 2.960464e-44
1.205300e+01 2.844620e-44
1.216400e+01 2.734393e-44
1.227700e+01 2.627317e-44
1.239100e+01 2.524603e-44
1.250500e+01 2.426741e-44
1.262100e+01 2.332034e-44
1.273800e+01 2.241009e-44
1.285600e+01 2.153556e-44
1.297500e+01 2.069858e-44
1.309500e+01 1.989228e-44
1.321700e+01 1.911030e-44
1.333900e+01 1.836838e-44
1.346300e+01 1.764912e-44
1.358700e+01 1.696506e-44
1.371300e+01 1.630218e-44
1.384000e+01 1.566753e-44
1.396800e+01 1.505774e-44
1.409800e+01 1.446728e-44
1.422800e+01 1.390513e-44
1.436000e+01 1.336336e-44
1.449300e+01 1.284142e-44
1.462700e+01 1.234099e-44
1.476300e+01 1.185921e-44
1.490000e+01 1.139556e-44
1.503800e+01 1.095162e-44
1.517700e+01 1.052471e-44
1.531700e+01 1.011634e-44
1.545900e+01 9.721763e-45
1.560200e+01 9.343156e-45
1.574700e+01 8.977563e-45
1.589300e+01 8.627252e-45
1.604000e+01 8.291195e-45
1.618900e+01 7.966991e-45
1.633900e+01 7.656250e-45
1.649000e+01 7.358380e-45
1.664300e+01 7.070960e-45
1.679700e+01 6.795529e-45
1.695200e+01 6.531549e-45
1.710900e+01 6.276918e-45
1.726800e+01 6.031386e-45
1.742800e+01 5.796081e-45
1.758900e+01 5.570682e-45
1.775200e+01 5.353264e-45
1.791700e+01 5.143902e-45
1.808200e+01 4.944480e-45
1.825000e+01 4.751069e-45
1.841900e+01 4.565840e-45
1.859000e+01 4.387473e-45
1.876200e+01 4.216554e-45
1.893600e+01 4.051959e-45
1.911100e+01 3.894259e-45
1.928800e+01 3.742381e-45
1.946700e+01 3.596161e-45
1.964700e+01 3.456264e-45
1.982900e+01 3.321447e-45
2.001200e+01 3.170816e-45
2.019800e+01 3.042184e-45
2.038500e+01 2.919673e-45
2.057400e+01 2.802961e-45
2.076400e+01 2.691638e-45
2.095700e+01 2.585621e-45
2.115100e+01 2.484424e-45
2.134700e+01 2.387984e-45
2.154400e+01 2.295943e-45
2.174400e+01 2.208248e-45
2.194500e+01 2.124565e-45
2.214900e+01 2.044668e-45
2.235400e+01 1.968519e-45
2.256100e+01 1.895906e-45
2.277000e+01 1.826622e-45
2.298100e+01 1.760558e-45
2.319300e+01 1.697687e-45
2.340800e+01 1.637740e-45
2.362500e+01 1.580699e-45
2.384400e+01 1.526387e-45
2.406500e+01 1.474790e-45
2.428800e+01 1.425742e-45
2.451300e+01 1.379305e-45
2.474000e+01 1.335245e-45
2.496900e+01 1.293697e-45
2.520000e+01 1.254506e-45
2.543300e+01 1.199930e-45
2.566900e+01 1.147583e-45
2.590700e+01 1.097531e-45
2.614700e+01 1.049760e-45
2.638900e+01 1.004066e-45
2.663300e+01 9.603801e-46
2.688000e+01 9.185142e-46
2.712900e+01 8.785296e-46
2.738000e+01 8.403041e-46
2.763400e+01 8.036091e-46
2.789000e+01 7.686202e-46
2.814800e+01 7.351690e-46
2.840900e+01 7.031513e-46
2.867200e+01 6.725205e-46
2.893800e+01 6.431803e-46
2.920600e+01 6.151888e-46
2.947600e+01 5.884020e-46
2.974900e+01 5.627807e-46
3.002500e+01 5.382400e-46
3.030300e+01 5.147907e-46
3.058300e+01 4.924405e-46
3.086700e+01 4.709334e-46
3.115300e+01 4.504157e-46
3.144100e+01 4.308530e-46
3.173200e+01 4.120900e-46
3.202600e+01 3.941416e-46
3.232300e+01 3.769422e-46
3.262200e+01 3.605441e-46
3.292400e+01 3.448449e-46
3.322900e+01 3.298219e-46
3.353700e+01 3.154531e-46
3.384800e+01 3.016822e-46
3.416100e+01 2.885921e-46
3.447800e+01 2.759918e-46
3.479700e+01 2.639650e-46
3.511900e+01 2.524921e-46
3.544500e+01 2.414605e-46
3.577300e+01 2.309488e-46
3.610400e+01 2.209088e-46
3.643900e+01 2.112662e-46
3.677600e+01 2.020947e-46
3.711700e+01 1.932656e-46
3.746100e+01 1.848512e-46
3.780700e+01 1.768102e-46
3.815800e+01 1.691040e-46
3.851100e+01 1.617475e-46
3.886800e+01 1.547038e-46
3.922800e+01 1.479629e-46
3.959100e+01 1.415148e-46
3.995800e+01 1.353500e-46
4.032800e+01 1.314233e-46
4.070100e+01 1.275770e-46
4.107800e+01 1.238546e-46
4.145900e+01 1.202532e-46
4.184300e+01 1.167480e-46
4.223000e+01 1.133799e-46
4.262200e+01 1.100821e-46
4.301600e+01 1.068949e-46
4.341500e+01 1.038157e-46
4.381700e+01 1.008418e-46
4.422300e+01 9.796644e-47
4.463200e+01 9.517368e-47
4.504600e+01 9.247515e-47
4.546300e+01 8.986661e-47
4.588400e+01 8.735706e-47
4.630900e+01 8.492728e-47
4.673800e+01 8.257902e-47
4.717100e+01 8.031565e-47
4.760800e+01 7.812969e-47
4.804900e+01 7.601573e-47
4.849400e+01 7.397892e-47
4.894300e+01 7.201220e-47
4.939600e+01 7.011383e-47
4.985400e+01 6.828378e-47
5.031500e+01 6.651544e-47
5.078200e+01 6.481055e-47
5.125200e+01 6.316594e-47
5.172700e+01 6.158012e-47
5.220600e+01 6.005010e-47
5.268900e+01 5.857453e-47
5.317700e+01 5.714906e-47
5.367000e+01 5.577700e-47
5.416700e+01 5.445407e-47
5.466900e+01 5.317618e-47
5.517500e+01 5.194373e-47
5.568600e+01 5.075565e-47
5.620200e+01 4.960948e-47
5.672200e+01 4.850565e-47
5.724800e+01 4.744041e-47
5.777800e+01 4.641152e-47
5.831300e+01 4.542086e-47
5.885300e+01 4.446489e-47
5.939800e+01 4.354284e-47
5.994800e+01 4.265396e-47
6.050400e+01 4.179623e-47
6.106400e+01 4.096896e-47
6.163000e+01 4.017151e-47
6.220000e+01 3.940324e-47
6.277700e+01 3.866104e-47
6.335800e+01 3.794437e-47
6.394500e+01 3.725393e-47
6.453700e+01 3.658677e-47
6.513500e+01 3.594482e-47
6.573800e+01 3.532519e-47
6.634700e+01 3.472627e-47
6.696200e+01 3.415000e-47
6.758200e+01 3.359246e-47
6.820800e+01 3.305560e-47
6.884000e+01 3.253790e-47
6.947700e+01 3.203786e-47
7.012100e+01 3.155518e-47
7.077000e+01 3.108955e-47
7.142600e+01 3.064065e-47
7.208700e+01 3.020712e-47
7.275500e+01 2.978867e-47
7.342900e+01 2.938507e-47
7.410900e+01 2.899499e-47
7.479500e+01 2.861822e-47
7.548800e+01 2.825560e-47
7.618700e+01 2.790375e-47
7.689300e+01 2.756670e-47
7.760500e+01 2.723900e-47
7.832400e+01 2.692468e-47
7.904900e+01 2.662044e-47
7.978100e+01 2.632613e-47
8.052000e+01 2.604367e-47
8.126600e+01 2.576882e-47
8.201900e+01 2.550553e-47
8.277900e+01 2.524962e-47
8.354500e+01 2.500300e-47
8.431900e+01 2.476655e-47
8.510000e+01 2.453617e-47
8.588800e+01 2.431476e-47
8.668400e+01 2.410123e-47
8.748700e+01 2.389450e-47
8.829700e+01 2.369548e-47
8.911500e+01 2.350407e-47
8.994000e+01 2.331828e-47
9.077300e+01 2.313899e-47
9.161400e+01 2.296614e-47
9.246300e+01 2.279967e-47
9.331900e+01 2.263856e-47
9.418300e+01 2.248467e-47
9.505600e+01 2.233508e-47
9.593600e+01 2.219069e-47
9.682500e+01 2.205242e-47
9.772100e+01 2.191831e-47
9.862700e+01 2.178929e-47
9.954000e+01 2.166623e-47
1.004600e+02 2.171653e-47
1.013900e+02 2.158810e-47
1.023300e+02 2.146376e-47
1.032800e+02 2.134440e-47
1.042400e+02 2.122906e-47
1.052000e+02 2.111770e-47
1.061800e+02 2.101031e-47
1.071600e+02 2.090684e-47
1.081500e+02 2.080728e-47
1.091500e+02 2.071251e-47
1.101600e+02 2.061977e-47
1.111800e+02 2.053087e-47
1.122100e+02 2.044577e-47
1.132500e+02 2.036356e-47
1.143000e+02 2.028512e-47
1.153600e+02 2.020952e-47
1.164300e+02 2.013676e-47
1.175100e+02 2.006771e-47
1.186000e+02 2.000057e-47
1.197000e+02 1.993712e-47
1.208000e+02 1.987555e-47
1.219200e+02 1.981763e-47
1.230500e+02 1.976247e-47
1.241900e+02 1.971005e-47
1.253400e+02 1.965947e-47
1.265000e+02 1.961250e-47
1.276800e+02 1.956735e-47
1.288600e+02 1.952579e-47
1.300500e+02 1.948604e-47
1.312600e+02 1.944810e-47
1.324700e+02 1.941372e-47
1.337000e+02 1.938201e-47
1.349400e+02 1.935208e-47
1.361900e+02 1.932570e-47
1.374500e+02 1.930196e-47
1.387200e+02 1.928000e-47
1.400100e+02 1.926069e-47
1.413000e+02 1.924577e-47
1.426100e+02 1.923261e-47
1.439300e+02 1.922209e-47
1.452700e+02 1.921507e-47
1.466100e+02 1.921244e-47
1.479700e+02 1.921244e-47
1.493400e+02 1.921683e-47
1.507200e+02 1.922559e-47
1.521200e+02 1.923875e-47
1.535300e+02 1.925805e-47
1.549500e+02 1.928352e-47
1.563800e+02 1.931778e-47
1.578300e+02 1.936088e-47
1.593000e+02 1.941107e-47
1.607700e+02 1.948163e-47
1.622600e+02 1.944016e-47
1.637600e+02 1.939962e-47
1.652800e+02 1.935824e-47
1.668100e+02 1.931778e-47
1.683600e+02 1.927649e-47
1.699100e+02 1.923612e-47
1.714900e+02 1.919579e-47
1.730800e+02 1.915550e-47
1.746800e+02 1.911526e-47
1.763000e+02 1.907418e-47
1.779300e+02 1.903402e-47
1.795800e+02 1.899391e-47
1.812400e+02 1.895383e-47
1.829200e+02 1.891467e-47
1.846100e+02 1.887468e-47
1.863200e+02 1.883473e-47
1.880500e+02 1.879483e-47
1.897900e+02 1.875583e-47
1.915500e+02 1.871601e-47
1.933200e+02 1.867623e-47
1.951100e+02 1.863735e-47
1.969200e+02 1.859766e-47
1.987500e+02 1.855886e-47
2.005900e+02 1.862440e-47
2.024400e+02 1.868660e-47
2.043200e+02 1.874803e-47
2.062100e+02 1.880783e-47
2.081200e+02 1.886773e-47
2.100500e+02 1.892772e-47
2.120000e+02 1.898606e-47
2.139600e+02 1.904537e-47
2.159400e+02 1.910477e-47
2.179400e+02 1.916513e-47
2.199600e+02 1.922647e-47
2.220000e+02 1.928791e-47
2.240500e+02 1.935120e-47
2.261300e+02 1.941548e-47
2.282200e+02 1.948075e-47
2.303400e+02 1.954701e-47
2.324700e+02 1.961427e-47
2.346200e+02 1.968342e-47
2.368000e+02 1.975536e-47
2.389900e+02 1.982654e-47
2.412000e+02 1.990141e-47
2.434400e+02 1.997732e-47
2.456900e+02 2.005428e-47
2.479700e+02 2.013407e-47
2.502600e+02 2.021492e-47
2.525800e+02 2.029773e-47
2.549200e+02 2.038342e-47
2.572800e+02 2.046929e-47
2.596700e+02 2.055897e-47
2.620700e+02 2.064975e-47
2.645000e+02 2.074347e-47
2.669500e+02 2.083831e-47
2.694200e+02 2.093520e-47
2.719200e+02 2.103506e-47
2.744300e+02 2.113793e-47
2.769800e+02 2.124196e-47
2.795400e+02 2.134902e-47
2.821300e+02 2.145820e-47
2.847400e+02 2.156952e-47
2.873800e+02 2.168392e-47
2.900400e+02 2.180143e-47
2.927300e+02 2.192019e-47
2.954400e+02 2.204302e-47
2.981800e+02 2.216809e-47
3.009400e+02 2.235398e-47
3.037300e+02 2.248182e-47
3.065400e+02 2.261383e-47
3.093800e+02 2.274813e-47
3.122400e+02 2.288570e-47
3.151400e+02 2.302656e-47
3.180600e+02 2.316978e-47
3.210000e+02 2.331731e-47
3.239700e+02 2.346821e-47
3.269700e+02 2.362252e-47
3.300000e+02 2.378123e-47
3.330600e+02 2.394243e-47
3.361400e+02 2.410810e-47
3.392600e+02 2.427730e-47
3.424000e+02 2.445105e-47
3.455700e+02 2.462839e-47
3.487700e+02 2.481036e-47
3.520000e+02 2.499700e-47
3.552600e+02 2.518936e-47
3.585500e+02 2.538648e-47
3.618700e+02 2.558842e-47
3.652300e+02 2.579827e-47
3.686100e+02 2.601408e-47
3.720200e+02 2.624001e-47
3.754700e+02 2.647514e-47
3.789500e+02 2.672476e-47
3.824600e+02 2.699426e-47
3.860000e+02 2.729122e-47
3.895700e+02 2.763605e-47
3.931800e+02 2.806774e-47
3.968200e+02 2.869102e-47
4.005000e+02 2.983891e-47
4.042100e+02 3.009290e-47
4.079500e+02 3.034908e-47
4.117300e+02 3.060745e-47
4.155500e+02 3.086914e-47
4.193900e+02 3.113082e-47
4.232800e+02 3.039978e-47
4.272000e+02 3.027861e-47
4.311600e+02 3.036561e-47
4.351500e+02 3.054331e-47
4.391800e+02 3.076921e-47
4.432500e+02 3.102379e-47
4.473500e+02 3.129843e-47
4.515000e+02 3.158777e-47
4.556800e+02 3.188974e-47
4.599000e+02 3.220109e-47
4.641600e+02 3.252193e-47
4.684600e+02 3.285009e-47
4.728000e+02 3.318797e-47
4.771800e+02 3.353221e-47
4.816000e+02 3.388521e-47
4.860600e+02 3.424590e-47
4.905600e+02 3.461440e-47
4.951000e+02 3.498959e-47
4.996900e+02 3.537276e-47
5.043200e+02 3.576399e-47
5.089900e+02 3.616218e-47
5.137000e+02 3.656984e-47
5.184600e+02 3.698464e-47
5.232600e+02 3.740790e-47
5.281100e+02 3.783849e-47
5.330000e+02 3.827897e-47
5.379400e+02 3.872697e-47
5.429200e+02 3.918384e-47
5.479500e+02 3.964969e-47
5.530200e+02 4.012462e-47
5.581400e+02 4.061003e-47
5.633100e+02 4.110349e-47
5.685300e+02 4.160637e-47
5.738000e+02 4.211880e-47
5.791100e+02 4.264090e-47
5.844800e+02 4.317410e-47
5.898900e+02 4.371722e-47
5.953500e+02 4.427039e-47
6.008700e+02 4.483374e-47
6.064300e+02 4.540873e-47
6.120500e+02 4.599417e-47
6.177200e+02 4.659155e-47
6.234400e+02 4.719965e-47
6.292100e+02 4.781999e-47
6.350400e+02 4.845134e-47
6.409200e+02 4.909525e-47
6.468600e+02 4.975186e-47
6.528500e+02 5.042136e-47
6.589000e+02 5.110248e-47
6.650000e+02 5.179825e-47
6.711600e+02 5.250886e-47
6.773800e+02 5.323162e-47
6.836500e+02 5.397106e-47
6.899800e+02 5.472744e-47
6.963700e+02 5.550250e-47
7.028200e+02 5.630251e-47
7.093300e+02 5.713848e-47
7.159000e+02 5.805526e-47
7.225300e+02 5.928076e-47
7.292300e+02 6.001756e-47
7.359800e+02 6.076358e-47
7.428000e+02 6.151735e-47
7.496800e+02 6.228209e-47
7.566200e+02 6.308489e-47
7.636300e+02 6.396161e-47
7.707000e+02 6.487658e-47
7.778400e+02 6.581915e-47
7.850500e+02 6.678158e-47
7.923200e+02 6.776747e-47
7.996600e+02 6.877053e-47
8.070600e+02 6.979600e-47
8.145400e+02 7.083916e-47
8.220800e+02 7.190362e-47
8.297000e+02 7.298968e-47
8.373800e+02 7.409422e-47
8.451400e+02 7.522093e-47
8.529600e+02 7.636837e-47
8.608600e+02 7.753683e-47
8.688400e+02 7.872835e-47
8.768900e+02 7.994148e-47
8.850100e+02 8.117830e-47
8.932000e+02 8.243732e-47
9.014800e+02 8.372067e-47
9.098300e+02 8.502869e-47
9.182500e+02 8.635985e-47
9.267600e+02 8.771634e-47
9.353400e+02 8.909850e-47
9.440100e+02 9.050668e-47
9.527500e+02 9.194125e-47
9.615700e+02 9.340449e-47
9.704800e+02 9.489293e-47
9.794700e+02 9.640883e-47
9.885400e+02 9.795457e-47
9.977000e+02 9.952856e-47
1.006900e+03 1.011231e-46
1.016300e+03 1.027588e-46
1.025700e+03 1.044280e-46
1.035200e+03 1.061312e-46
1.044800e+03 1.104811e-46
1.054400e+03 1.096209e-46
1.064200e+03 1.114080e-46
1.074100e+03 1.132309e-46
1.084000e+03 1.150900e-46
1.094100e+03 1.169859e-46
1.104200e+03 1.189190e-46
1.114400e+03 1.208900e-46
1.124700e+03 1.229216e-46
1.135200e+03 1.250371e-46
1.145700e+03 1.279840e-46
1.156300e+03 1.300284e-46
1.167000e+03 1.313774e-46
1.177800e+03 1.334949e-46
1.188700e+03 1.357225e-46
1.199700e+03 1.379920e-46
1.210800e+03 1.403040e-46
1.222000e+03 1.426830e-46
1.233400e+03 1.450820e-46
1.244800e+03 1.475496e-46
1.256300e+03 1.500380e-46
1.268000e+03 1.525719e-46
1.279700e+03 1.551768e-46
1.291500e+03 1.578290e-46
1.303500e+03 1.605036e-46
1.315600e+03 1.632517e-46
1.327800e+03 1.660490e-46
1.340100e+03 1.688960e-46
1.352500e+03 1.717934e-46
1.365000e+03 1.747420e-46
1.377700e+03 1.777422e-46
1.390400e+03 1.808218e-46
1.403300e+03 1.839278e-46
1.416300e+03 1.871150e-46
1.429400e+03 1.903572e-46
1.442600e+03 1.936551e-46
1.456000e+03 1.970093e-46
1.469500e+03 2.004490e-46
1.483100e+03 2.039184e-46
1.496800e+03 2.074752e-46
1.510700e+03 2.110918e-46
1.524700e+03 2.147983e-46
1.538800e+03 2.185371e-46
1.553100e+03 2.223677e-46
1.567500e+03 2.262618e-46
1.582000e+03 2.302199e-46
1.596600e+03 2.342736e-46
1.611400e+03 2.383936e-46
1.626300e+03 2.425806e-46
1.641400e+03 2.468669e-46
1.656600e+03 2.513176e-46
1.671900e+03 2.565763e-46
1.687400e+03 2.601769e-46
1.703100e+03 2.647780e-46
1.718800e+03 2.694522e-46
1.734800e+03 2.742005e-46
1.750800e+03 2.790904e-46
1.767000e+03 2.840236e-46
1.783400e+03 2.890680e-46
1.799900e+03 2.942254e-46
1.816600e+03 2.994284e-46
1.833400e+03 3.047818e-46
1.850400e+03 3.102178e-46
1.867500e+03 3.157374e-46
1.884800e+03 3.213773e-46
1.902300e+03 3.271034e-46
1.919900e+03 3.329530e-46
1.937700e+03 3.389281e-46
1.955700e+03 3.449935e-46
1.973800e+03 3.511501e-46
1.992000e+03 3.574746e-46
2.010500e+03 3.639319e-46
2.029100e+03 3.704085e-46
2.047900e+03 3.770587e-46
2.066900e+03 3.838465e-46
2.086000e+03 3.907343e-46
2.105300e+03 3.977631e-46
2.124800e+03 4.049351e-46
2.144500e+03 4.122524e-46
2.164400e+03 4.196762e-46
2.184400e+03 4.272489e-46
2.204700e+03 4.349310e-46
2.225100e+03 4.428078e-46
2.245700e+03 4.507978e-46
2.266500e+03 4.589878e-46
2.287500e+03 4.679867e-46
2.308700e+03 4.757197e-46
2.330100e+03 4.843521e-46
2.351600e+03 4.931064e-46
2.373400e+03 5.020288e-46
2.395400e+03 5.111669e-46
2.417600e+03 5.204330e-46
2.440000e+03 5.298744e-46
2.462600e+03 5.394935e-46
2.485400e+03 5.492930e-46
2.508400e+03 5.592752e-46
2.531600e+03 5.694428e-46
2.555100e+03 5.797982e-46
2.578800e+03 5.903442e-46
2.602600e+03 6.010833e-46
2.626800e+03 6.120676e-46
2.651100e+03 6.232013e-46
2.675600e+03 6.345865e-46
2.700400e+03 6.461256e-46
2.725400e+03 6.579225e-46
2.750700e+03 6.699297e-46
2.776200e+03 6.821499e-46
2.801900e+03 6.946387e-46
2.827800e+03 7.072940e-46
2.854000e+03 7.202246e-46
2.880400e+03 7.333806e-46
2.907100e+03 7.468196e-46
2.934000e+03 7.604909e-46
2.961200e+03 7.743976e-46
2.988700e+03 7.885987e-46
3.016300e+03 8.030989e-46
3.044300e+03 8.177312e-46
3.072500e+03 8.326687e-46
3.100900e+03 8.479744e-46
3.129600e+03 8.634782e-46
3.158600e+03 8.793004e-46
3.187900e+03 8.954458e-46
3.217400e+03 9.118588e-46
3.247200e+03 9.286037e-46
3.277300e+03 9.456855e-46
3.307600e+03 9.630471e-46
3.338300e+03 9.806919e-46
3.369200e+03 9.987496e-46
3.400400e+03 1.017100e-45
3.431900e+03 1.035745e-45
3.463700e+03 1.054820e-45
3.495800e+03 1.074201e-45
3.528200e+03 1.093956e-45
3.560800e+03 1.114091e-45
3.593800e+03 1.134612e-45
3.627100e+03 1.155456e-45
3.660700e+03 1.176696e-45
3.694600e+03 1.198406e-45
3.728800e+03 1.220454e-45
3.763400e+03 1.242915e-45
3.798200e+03 1.265865e-45
3.833400e+03 1.291396e-45
3.868900e+03 1.312903e-45
3.904700e+03 1.337072e-45
3.940900e+03 1.361758e-45
3.977400e+03 1.386892e-45
4.014200e+03 1.412407e-45
4.051400e+03 1.438457e-45
4.088900e+03 1.465052e-45
4.126800e+03 1.492045e-45
4.165000e+03 1.519596e-45
4.203600e+03 1.547636e-45
4.242600e+03 1.576169e-45
4.281900e+03 1.605284e-45
4.321500e+03 1.634908e-45
4.361500e+03 1.665130e-45
4.401900e+03 1.695875e-45
4.442700e+03 1.727234e-45
4.483900e+03 1.759131e-45
4.525400e+03 1.791575e-45
4.567300e+03 1.824742e-45
4.609600e+03 1.858472e-45
4.652300e+03 1.892772e-45
4.695400e+03 1.927825e-45
4.738900e+03 1.963465e-45
4.782800e+03 1.999700e-45
4.827100e+03 2.036717e-45
4.871800e+03 2.074347e-45
4.916900e+03 2.112781e-45
4.962400e+03 2.151847e-45
5.008400e+03 2.191644e-45
5.054800e+03 2.232185e-45
5.101600e+03 2.273478e-45
5.148900e+03 2.315534e-45
5.196600e+03 2.358462e-45
5.244700e+03 2.402078e-45
5.293300e+03 2.446588e-45
5.342300e+03 2.491907e-45
5.391800e+03 2.538044e-45
5.441700e+03 2.585011e-45
5.492100e+03 2.632921e-45
5.543000e+03 2.681686e-45
5.594300e+03 2.731317e-45
5.646100e+03 2.781930e-45
5.698400e+03 2.833433e-45
5.751200e+03 2.885946e-45
5.804500e+03 2.939375e-45
5.858200e+03 2.993841e-45
5.912500e+03 3.049359e-45
5.967300e+03 3.105833e-45
6.022500e+03 3.163500e-45
6.078300e+03 3.222038e-45
6.134600e+03 3.281800e-45
6.191400e+03 3.342690e-45
6.248800e+03 3.404606e-45
6.306700e+03 3.467797e-45
6.365100e+03 3.532044e-45
6.424000e+03 3.597600e-45
6.483500e+03 3.664244e-45
6.543600e+03 3.732232e-45
6.604200e+03 3.801462e-45
6.665400e+03 3.871951e-45
6.727100e+03 3.943840e-45
6.789400e+03 4.016898e-45
6.852300e+03 4.091521e-45
6.915800e+03 4.167477e-45
6.979800e+03 4.244653e-45
7.044500e+03 4.323457e-45
7.109700e+03 4.403650e-45
7.175600e+03 4.485383e-45
7.242000e+03 4.568678e-45
7.309100e+03 4.653423e-45
7.376800e+03 4.739772e-45
7.445100e+03 4.827748e-45
7.514100e+03 4.917375e-45
7.583700e+03 5.008676e-45
7.653900e+03 5.101673e-45
7.724800e+03 5.196391e-45
7.796400e+03 5.292854e-45
7.868600e+03 5.391084e-45
7.941500e+03 5.491255e-45
8.015000e+03 5.593245e-45
8.089200e+03 5.697079e-45
8.164200e+03 5.802783e-45
8.239800e+03 5.910534e-45
8.316100e+03 6.020363e-45
8.393100e+03 6.132143e-45
8.470900e+03 6.246057e-45
8.549300e+03 6.361977e-45
8.628500e+03 6.480250e-45
8.708400e+03 6.600588e-45
8.789100e+03 6.723180e-45
8.870500e+03 6.848059e-45
8.952700e+03 6.975256e-45
9.035600e+03 7.104804e-45
9.119300e+03 7.236905e-45
9.203700e+03 7.371253e-45
9.289000e+03 7.508222e-45
9.375000e+03 7.647677e-45
9.461800e+03 7.789828e-45
9.549500e+03 7.934534e-45
9.637900e+03 8.082010e-45
9.727200e+03 8.232114e-45
9.817300e+03 8.385065e-45
9.908200e+03 8.540902e-45
1.000000e+04 8.699666e-45
