5.000000e+00 3.998000e-40
5.011500e+00 3.786916e-40
5.023100e+00 3.587236e-40
5.034700e+00 3.398492e-40
5.046300e+00 3.219871e-40
5.057900e+00 3.050961e-40
5.069600e+00 2.891020e-40
5.081300e+00 2.739687e-40
5.093000e+00 2.596610e-40
5.104700e+00 2.461447e-40
5.116500e+00 2.333256e-40
5.128300e+00 2.211764e-40
5.140100e+00 2.096994e-40
5.152000e+00 1.988382e-40
5.163900e+00 1.885678e-40
5.175800e+00 1.788104e-40
5.187700e+00 1.695985e-40
5.199700e+00 1.608585e-40
5.211700e+00 1.525719e-40
5.223700e+00 1.447450e-40
5.235700e+00 1.373115e-40
5.247800e+00 1.302794e-40
5.259900e+00 1.236322e-40
5.272000e+00 1.173106e-40
5.284200e+00 1.113236e-40
5.296400e+00 1.056578e-40
5.308600e+00 1.003002e-40
5.320800e+00 9.520295e-41
5.333100e+00 9.037544e-41
5.345400e+00 8.580132e-41
5.357700e+00 8.146507e-41
5.370100e+00 7.735203e-41
5.382500e+00 7.345347e-41
5.394900e+00 6.975590e-41
5.407300e+00 6.624983e-41
5.419800e+00 6.292456e-41
5.432300e+00 5.976991e-41
5.444800e+00 5.677773e-41
5.457400e+00 5.394021e-41
5.469900e+00 5.124699e-41
5.482600e+00 4.869248e-41
5.495200e+00 4.626856e-41
5.507900e+00 4.396883e-41
5.520600e+00 4.178588e-41
5.533300e+00 3.971394e-41
5.546100e+00 3.774751e-41
5.558900e+00 3.588130e-41
5.571700e+00 3.410910e-41
5.584500e+00 3.242733e-41
5.597400e+00 3.083137e-41
5.610300e+00 2.931464e-41
5.623200e+00 2.787523e-41
5.636200e+00 2.650808e-41
5.649200e+00 2.521044e-41
5.662200e+00 2.397767e-41
5.675300e+00 2.280636e-41
5.688400e+00 2.169417e-41
5.701500e+00 2.063703e-41
5.714600e+00 1.963376e-41
5.727800e+00 1.867968e-41
5.741000e+00 1.777381e-41
5.754300e+00 1.691266e-41
5.767500e+00 1.609454e-41
5.780800e+00 1.531705e-41
5.794200e+00 1.457789e-41
5.807500e+00 1.387563e-41
5.820900e+00 1.320814e-41
5.834300e+00 1.257412e-41
5.847800e+00 1.197091e-41
5.861300e+00 1.139738e-41
5.874800e+00 1.085241e-41
5.888400e+00 1.033365e-41
5.901900e+00 9.840769e-42
5.915500e+00 9.372170e-42
5.929200e+00 8.926351e-42
5.942900e+00 8.502473e-42
5.956600e+00 8.099147e-42
5.970300e+00 7.715617e-42
5.984100e+00 7.350605e-42
5.997900e+00 7.003962e-42
6.011700e+00 6.673439e-42
6.025600e+00 6.359475e-42
6.039400e+00 6.060459e-42
6.053400e+00 5.776332e-42
6.067300e+00 5.505593e-42
6.081300e+00 5.247765e-42
6.095400e+00 5.002827e-42
6.109400e+00 4.769419e-42
6.123500e+00 4.547556e-42
6.137600e+00 4.335973e-42
6.151800e+00 4.134716e-42
6.166000e+00 3.943402e-42
6.180200e+00 3.760884e-42
6.194400e+00 3.587236e-42
6.208700e+00 3.421760e-42
6.223000e+00 3.264526e-42
6.237400e+00 3.114519e-42
6.251800e+00 2.971486e-42
6.266200e+00 2.835519e-42
6.280600e+00 2.706025e-42
6.295100e+00 2.582770e-42
6.309600e+00 2.465214e-42
6.324200e+00 2.353156e-42
6.338800e+00 2.246401e-42
6.353400e+00 2.144760e-42
6.368000e+00 2.047761e-42
6.382700e+00 1.955523e-42
6.397400e+00 1.867596e-42
6.412200e+00 1.783827e-42
6.427000e+00 1.703808e-42
6.441800e+00 1.627666e-42
6.456600e+00 1.555258e-42
6.471500e+00 1.485961e-42
6.486500e+00 1.419911e-42
6.501400e+00 1.357225e-42
6.516400e+00 1.297093e-42
6.531400e+00 1.239882e-42
6.546500e+00 1.185485e-42
6.561600e+00 1.133373e-42
6.576700e+00 1.083889e-42
6.591900e+00 1.036528e-42
6.607100e+00 9.914583e-43
6.622300e+00 9.484423e-43
6.637600e+00 9.073896e-43
6.652900e+00 8.682326e-43
6.668200e+00 8.308687e-43
6.683600e+00 7.952181e-43
6.699000e+00 7.612039e-43
6.714500e+00 7.287525e-43
6.730000e+00 6.977762e-43
6.745500e+00 6.682082e-43
6.761000e+00 6.399840e-43
6.776600e+00 6.130577e-43
6.792300e+00 5.873383e-43
6.807900e+00 5.627850e-43
6.823600e+00 5.393580e-43
6.839400e+00 5.169754e-43
6.855100e+00 4.956160e-43
6.870900e+00 4.752034e-43
6.886800e+00 4.557195e-43
6.902700e+00 4.371061e-43
6.918600e+00 4.193340e-43
6.934500e+00 4.023492e-43
6.950500e+00 3.861255e-43
6.966600e+00 3.706253e-43
6.982600e+00 3.558242e-43
6.998700e+00 3.416753e-43
7.014900e+00 3.281457e-43
7.031000e+00 3.152261e-43
7.047300e+00 3.028741e-43
7.063500e+00 2.910710e-43
7.079800e+00 2.797881e-43
7.096100e+00 2.690082e-43
7.112500e+00 2.586943e-43
7.128900e+00 2.488314e-43
7.145300e+00 2.394047e-43
7.161800e+00 2.303904e-43
7.178300e+00 2.217656e-43
7.194900e+00 2.135179e-43
7.211500e+00 2.056260e-43
7.228100e+00 1.980784e-43
7.244800e+00 1.908641e-43
7.261500e+00 1.839552e-43
7.278200e+00 1.773421e-43
7.295000e+00 1.710236e-43
7.311800e+00 1.649659e-43
7.328700e+00 1.591771e-43
7.345600e+00 1.536326e-43
7.362500e+00 1.483251e-43
7.379500e+00 1.432395e-43
7.396500e+00 1.383766e-43
7.413600e+00 1.337145e-43
7.430700e+00 1.292546e-43
7.447800e+00 1.249835e-43
7.465000e+00 1.208883e-43
7.482200e+00 1.169708e-43
7.499400e+00 1.132188e-43
7.516700e+00 1.096206e-43
7.534100e+00 1.061782e-43
7.551400e+00 1.028741e-43
7.568900e+00 9.971069e-44
7.586300e+00 9.667746e-44
7.603800e+00 9.377681e-44
7.621300e+00 9.099272e-44
7.638900e+00 8.832190e-44
7.656500e+00 8.576112e-44
7.674200e+00 8.331305e-44
7.691900e+00 8.096301e-44
7.709600e+00 7.870830e-44
7.727400e+00 7.654629e-44
7.745200e+00 7.447987e-44
7.763100e+00 7.249018e-44
7.781000e+00 7.058586e-44
7.798900e+00 6.876457e-44
7.816900e+00 6.701368e-44
7.834900e+00 6.533647e-44
7.853000e+00 6.372595e-44
7.871100e+00 6.218540e-44
7.889300e+00 6.070803e-44
7.907400e+00 5.928738e-44
7.925700e+00 5.793168e-44
7.944000e+00 5.662972e-44
7.962300e+00 5.538021e-44
7.980600e+00 5.418653e-44
7.999000e+00 5.304270e-44
8.017500e+00 5.194753e-44
8.036000e+00 5.089536e-44
8.054500e+00 4.989416e-44
8.073100e+00 4.892944e-44
8.091700e+00 4.801357e-44
8.110400e+00 4.713241e-44
8.129100e+00 4.629383e-44
8.147800e+00 4.549262e-44
8.166600e+00 4.472802e-44
8.185400e+00 4.399506e-44
8.204300e+00 4.330145e-44
8.223200e+00 4.263812e-44
8.242200e+00 4.200860e-44
8.261200e+00 4.141225e-44
8.280200e+00 4.084441e-44
8.299300e+00 4.030859e-44
8.318500e+00 3.980424e-44
8.337700e+00 3.932289e-44
8.356900e+00 3.887601e-44
8.376200e+00 3.845521e-44
8.395500e+00 3.806011e-44
8.414800e+00 3.769422e-44
8.434200e+00 3.735329e-44
8.453700e+00 3.704470e-44
8.473200e+00 3.675656e-44
8.492700e+00 3.650010e-44
8.512300e+00 3.626739e-44
8.531900e+00 3.606201e-44
8.551600e+00 3.588751e-44
8.571300e+00 3.573612e-44
8.591100e+00 3.561524e-44
8.610900e+00 3.552471e-44
8.630800e+00 3.546066e-44
8.650700e+00 3.542677e-44
8.670600e+00 3.542300e-44
8.690600e+00 3.545312e-44
8.710600e+00 3.551717e-44
8.730700e+00 3.561524e-44
8.750900e+00 3.575125e-44
8.771000e+00 3.592541e-44
8.791300e+00 3.613801e-44
8.811500e+00 3.639701e-44
8.831900e+00 3.669906e-44
8.852200e+00 3.705240e-44
8.872600e+00 3.745773e-44
8.893100e+00 3.791977e-44
8.913600e+00 3.844344e-44
8.934200e+00 3.903390e-44
8.954800e+00 3.970056e-44
8.975400e+00 4.044121e-44
8.996100e+00 4.127399e-44
9.016900e+00 4.220559e-44
9.037700e+00 4.324320e-44
9.058500e+00 4.440713e-44
9.079400e+00 4.570189e-44
9.100300e+00 4.714978e-44
9.121300e+00 4.877472e-44
9.142300e+00 5.059350e-44
9.163400e+00 5.263812e-44
9.184600e+00 5.494805e-44
9.205700e+00 5.755681e-44
9.227000e+00 6.051600e-44
9.248200e+00 6.389267e-44
9.269600e+00 6.776130e-44
9.290900e+00 7.221581e-44
9.312400e+00 7.737855e-44
9.333800e+00 8.339966e-44
9.355400e+00 9.048666e-44
9.376900e+00 9.889767e-44
9.398600e+00 1.089858e-43
9.420200e+00 1.212293e-43
9.442000e+00 1.362791e-43
9.463700e+00 1.550942e-43
9.485600e+00 1.790390e-43
9.507400e+00 2.102039e-43
9.529400e+00 2.518333e-43
9.551300e+00 3.093028e-43
9.573400e+00 3.919261e-43
9.595400e+00 5.171192e-43
9.617600e+00 7.206312e-43
9.639700e+00 1.085972e-42
9.662000e+00 1.847425e-42
9.684200e+00 3.899045e-42
9.706600e+00 1.351739e-41
9.729000e+00 9.405262e-40
9.751400e+00 2.236344e-41
9.773900e+00 4.727146e-42
9.796400e+00 1.969532e-42
9.819000e+00 1.065024e-42
9.841700e+00 6.620914e-43
9.864300e+00 4.491412e-43
9.887100e+00 3.234993e-43
9.909900e+00 2.434436e-43
9.932700e+00 1.894426e-43
9.955700e+00 1.513832e-43
9.978600e+00 1.236085e-43
1.000200e+01 1.027523e-43
1.002500e+01 8.671847e-44
1.004800e+01 7.414184e-44
1.007100e+01 6.410518e-44
1.009400e+01 5.597956e-44
1.011700e+01 4.931508e-44
1.014100e+01 4.378556e-44
1.016400e+01 3.914858e-44
1.018800e+01 3.522378e-44
1.021100e+01 3.188010e-44
1.023500e+01 2.900209e-44
1.025800e+01 2.651361e-44
1.028200e+01 2.434536e-44
1.030600e+01 2.244603e-44
1.032900e+01 2.077346e-44
1.035300e+01 1.929321e-44
1.037700e+01 1.797745e-44
1.040100e+01 1.680134e-44
1.042500e+01 1.574774e-44
1.044900e+01 1.479629e-44
1.047300e+01 1.394052e-44
1.049700e+01 1.316297e-44
1.052200e+01 1.245456e-44
1.054600e+01 1.181134e-44
1.057000e+01 1.122116e-44
1.059400e+01 1.067916e-44
1.061900e+01 1.018081e-44
1.064300e+01 9.720974e-45
1.066800e+01 9.296238e-45
1.069300e+01 8.902677e-45
1.071700e+01 8.537021e-45
1.074200e+01 8.196767e-45
1.076700e+01 7.879580e-45
1.079100e+01 7.583101e-45
1.081600e+01 7.305634e-45
1.084100e+01 7.045420e-45
1.086600e+01 6.800806e-45
1.089100e+01 6.570724e-45
1.091600e+01 6.353844e-45
1.094200e+01 6.149226e-45
1.096700e+01 5.955518e-45
1.099200e+01 5.772353e-45
1.101800e+01 5.598631e-45
1.104300e+01 5.433606e-45
1.106800e+01 5.276860e-45
1.109400e+01 5.127706e-45
1.112000e+01 4.985490e-45
1.114500e+01 4.849869e-45
1.117100e+01 4.720240e-45
1.119700e+01 4.596433e-45
1.122200e+01 4.477885e-45
1.124800e+01 4.364320e-45
1.127400e+01 4.255475e-45
1.130000e+01 4.150967e-45
1.132600e+01 4.050686e-45
1.135200e+01 3.954146e-45
1.137900e+01 3.861380e-45
1.140500e+01 3.771925e-45
1.143100e+01 3.685826e-45
1.145800e+01 3.602761e-45
1.148400e+01 3.522541e-45
1.151000e+01 3.445103e-45
1.153700e+01 3.370267e-45
1.156400e+01 3.297975e-45
1.159000e+01 3.228058e-45
1.161700e+01 3.160239e-45
1.164400e+01 3.094697e-45
1.167100e+01 3.031053e-45
1.169700e+01 2.969487e-45
1.172400e+01 2.909631e-45
1.175200e+01 2.851560e-45
1.177900e+01 2.795237e-45
1.180600e+01 2.740522e-45
1.183300e+01 2.687282e-45
1.186000e+01 2.635590e-45
1.188800e+01 2.585316e-45
1.191500e+01 2.536432e-45
1.194300e+01 2.488813e-45
1.197000e+01 2.442435e-45
1.199800e+01 2.397277e-45
1.202500e+01 2.353317e-45
1.205300e+01 2.310436e-45
1.208100e+01 2.268617e-45
1.210900e+01 2.227840e-45
1.213700e+01 2.188088e-45
1.216500e+01 2.149342e-45
1.219300e+01 2.111494e-45
1.222100e+01 2.074529e-45
1.224900e+01 2.038522e-45
1.227700e+01 2.003279e-45
1.230600e+01 1.968874e-45
1.233400e+01 1.935208e-45
1.236200e+01 1.902355e-45
1.239100e+01 1.870303e-45
1.241900e+01 1.838866e-45
1.244800e+01 1.808206e-45
1.247700e+01 1.778140e-45
1.250600e+01 1.748829e-45
1.253400e+01 1.720093e-45
1.256300e+01 1.691924e-45
1.259200e+01 1.664477e-45
1.262100e+01 1.637497e-45
1.265000e+01 1.611139e-45
1.268000e+01 1.585314e-45
1.270900e+01 1.560092e-45
1.273800e+01 1.535307e-45
1.276700e+01 1.511032e-45
1.279700e+01 1.487259e-45
1.282600e+01 1.463981e-45
1.285600e+01 1.441189e-45
1.288600e+01 1.418878e-45
1.291500e+01 1.396965e-45
1.294500e+01 1.375446e-45
1.297500e+01 1.354387e-45
1.300500e+01 1.333710e-45
1.303500e+01 1.313483e-45
1.306500e+01 1.293625e-45
1.309500e+01 1.274133e-45
1.312500e+01 1.255072e-45
1.315600e+01 1.236296e-45
1.318600e+01 1.217940e-45
1.321600e+01 1.199860e-45
1.324700e+01 1.182191e-45
1.327700e+01 1.164789e-45
1.330800e+01 1.147719e-45
1.333900e+01 1.130977e-45
1.336900e+01 1.114558e-45
1.340000e+01 1.098392e-45
1.343100e+01 1.082542e-45
1.346200e+01 1.067002e-45
1.349300e+01 1.051705e-45
1.352400e+01 1.036711e-45
1.355500e+01 1.021953e-45
1.358700e+01 1.007491e-45
1.361800e+01 9.932583e-46
1.364900e+01 9.793144e-46
1.368100e+01 9.655935e-46
1.371200e+01 9.520927e-46
1.374400e+01 9.388096e-46
1.377600e+01 9.258023e-46
1.380800e+01 9.130067e-46
1.383900e+01 9.004200e-46
1.387100e+01 8.880400e-46
1.390300e+01 8.758640e-46
1.393500e+01 8.639484e-46
1.396800e+01 8.521729e-46
1.400000e+01 8.406520e-46
1.403200e+01 8.292672e-46
1.406400e+01 8.180744e-46
1.409700e+01 8.071281e-46
1.412900e+01 7.963120e-46
1.416200e+01 7.856809e-46
1.419500e+01 7.752326e-46
1.422700e+01 7.649650e-46
1.426000e+01 7.548207e-46
1.429300e+01 7.448533e-46
1.432600e+01 7.350605e-46
1.435900e+01 7.254404e-46
1.439200e+01 7.159906e-46
1.442500e+01 7.066559e-46
1.445900e+01 6.974881e-46
1.449200e+01 6.884326e-46
1.452500e+01 6.795406e-46
1.455900e+01 6.708100e-46
1.459200e+01 6.621873e-46
1.462600e+01 6.537226e-46
1.466000e+01 6.453632e-46
1.469400e+01 6.371081e-46
1.472700e+01 6.290566e-46
1.476100e+01 6.210562e-46
1.479500e+01 6.132557e-46
1.483000e+01 6.055044e-46
1.486400e+01 5.979003e-46
1.489800e+01 5.903928e-46
1.493200e+01 5.830293e-46
1.496700e+01 5.757600e-46
1.500100e+01 5.686317e-46
1.503600e+01 5.615478e-46
1.507100e+01 5.546025e-46
1.510500e+01 5.477940e-46
1.514000e+01 5.410276e-46
1.517500e+01 5.343957e-46
1.521000e+01 5.278506e-46
1.524500e+01 5.214372e-46
1.528000e+01 5.150630e-46
1.531600e+01 5.088182e-46
1.535100e+01 5.026564e-46
1.538600e+01 4.965767e-46
1.542200e+01 4.905782e-46
1.545700e+01 4.847043e-46
1.549300e+01 4.788657e-46
1.552900e+01 4.731495e-46
1.556400e+01 4.675109e-46
1.560000e+01 4.619490e-46
1.563600e+01 4.564205e-46
1.567200e+01 4.510102e-46
1.570900e+01 4.456743e-46
1.574500e+01 4.404122e-46
1.578100e+01 4.352648e-46
1.581700e+01 4.301476e-46
1.585400e+01 4.251019e-46
1.589000e+01 4.201270e-46
1.592700e+01 4.152221e-46
1.596400e+01 4.103866e-46
1.600100e+01 4.056196e-46
1.603800e+01 4.009205e-46
1.607500e+01 3.962886e-46
1.611200e+01 3.917233e-46
1.614900e+01 3.871843e-46
1.618600e+01 3.827501e-46
1.622300e+01 3.783803e-46
1.626100e+01 3.740356e-46
1.629800e+01 3.697544e-46
1.633600e+01 3.655362e-46
1.637400e+01 3.613801e-46
1.641100e+01 3.572856e-46
1.644900e+01 3.532520e-46
1.648700e+01 3.492787e-46
1.652500e+01 3.453279e-46
1.656300e+01 3.414365e-46
1.660100e+01 3.376039e-46
1.664000e+01 3.338294e-46
1.667800e+01 3.301126e-46
1.671600e+01 3.264165e-46
1.675500e+01 3.227772e-46
1.679400e+01 3.191940e-46
1.683200e+01 3.156663e-46
1.687100e+01 3.121582e-46
1.691000e+01 3.087049e-46
1.694900e+01 3.053057e-46
1.698800e+01 3.019601e-46
1.702700e+01 2.986330e-46
1.706700e+01 2.953586e-46
1.710600e+01 2.921365e-46
1.714500e+01 2.889660e-46
1.718500e+01 2.858128e-46
1.722500e+01 2.827106e-46
1.726400e+01 2.796253e-46
1.730400e+01 2.765902e-46
1.734400e+01 2.736047e-46
1.738400e+01 2.706683e-46
1.742400e+01 2.677478e-46
1.746400e+01 2.648756e-46
1.750500e+01 2.620190e-46
1.754500e+01 2.592100e-46
1.758500e+01 2.564482e-46
1.762600e+01 2.537012e-46
1.766700e+01 2.510006e-46
1.770700e+01 2.483461e-46
1.774800e+01 2.457056e-46
1.778900e+01 2.431105e-46
1.783000e+01 2.405291e-46
1.787100e+01 2.379923e-46
1.791200e+01 2.354997e-46
1.795400e+01 2.330202e-46
1.799500e+01 2.305842e-46
1.803700e+01 2.281610e-46
1.807800e+01 2.257807e-46
1.812000e+01 2.234128e-46
1.816200e+01 2.210872e-46
1.820400e+01 2.187737e-46
1.824600e+01 2.165018e-46
1.828800e+01 2.142710e-46
1.833000e+01 2.120518e-46
1.837200e+01 2.098732e-46
1.841400e+01 2.077057e-46
1.845700e+01 2.055782e-46
1.849900e+01 2.034617e-46
1.854200e+01 2.013561e-46
1.858500e+01 1.993179e-46
1.862800e+01 1.972620e-46
1.867100e+01 1.952727e-46
1.871400e+01 1.932656e-46
1.875700e+01 1.912966e-46
1.880000e+01 1.893651e-46
1.884400e+01 1.874435e-46
1.888700e+01 1.855589e-46
1.893100e+01 1.836838e-46
1.897400e+01 1.818183e-46
1.901800e+01 1.799891e-46
1.906200e+01 1.781958e-46
1.910600e+01 1.764115e-46
1.915000e+01 1.746362e-46
1.919400e+01 1.728962e-46
1.923800e+01 1.711649e-46
1.928300e+01 1.694683e-46
1.932700e+01 1.677802e-46
1.937200e+01 1.661263e-46
1.941600e+01 1.644806e-46
1.946100e+01 1.628431e-46
1.950600e+01 1.612392e-46
1.955100e+01 1.596432e-46
1.959600e+01 1.580803e-46
1.964100e+01 1.565251e-46
1.968600e+01 1.550025e-46
1.973200e+01 1.534873e-46
1.977700e+01 1.519796e-46
1.982300e+01 1.505038e-46
1.986900e+01 1.490353e-46
1.991500e+01 1.475739e-46
1.996000e+01 1.461439e-46
2.000600e+01 1.447209e-46
2.005300e+01 1.433288e-46
2.009900e+01 1.419434e-46
2.014500e+01 1.405884e-46
2.019200e+01 1.392164e-46
2.023800e+01 1.378980e-46
2.028500e+01 1.365626e-46
2.033200e+01 1.352569e-46
2.037900e+01 1.339575e-46
2.042600e+01 1.326874e-46
2.047300e+01 1.314233e-46
2.052000e+01 1.301653e-46
2.056700e+01 1.289360e-46
2.061500e+01 1.277126e-46
2.066200e+01 1.264950e-46
2.071000e+01 1.253056e-46
2.075800e+01 1.241219e-46
2.080500e+01 1.229437e-46
2.085300e+01 1.217933e-46
2.090100e+01 1.206483e-46
2.095000e+01 1.195305e-46
2.099800e+01 1.183962e-46
2.104600e+01 1.172889e-46
2.109500e+01 1.162084e-46
2.114400e+01 1.151114e-46
2.119200e+01 1.140410e-46
2.124100e+01 1.129969e-46
2.129000e+01 1.119364e-46
2.133900e+01 1.109020e-46
2.138900e+01 1.098933e-46
2.143800e+01 1.088684e-46
2.148700e+01 1.078690e-46
2.153700e+01 1.068742e-46
2.158600e+01 1.059047e-46
2.163600e+01 1.049190e-46
2.168600e+01 1.039788e-46
2.173600e+01 1.030225e-46
2.178600e+01 1.020908e-46
2.183700e+01 1.011432e-46
2.188700e+01 1.002401e-46
2.193700e+01 9.932514e-47
2.198800e+01 9.842426e-47
2.203900e+01 9.753538e-47
2.208900e+01 9.665643e-47
2.214000e+01 9.578537e-47
2.219100e+01 9.492410e-47
2.224300e+01 9.407060e-47
2.229400e+01 9.322868e-47
2.234500e+01 9.239439e-47
2.239700e+01 9.156767e-47
2.244900e+01 9.075230e-47
2.250000e+01 8.994436e-47
2.255200e+01 8.914381e-47
2.260400e+01 8.835436e-47
2.265600e+01 8.757029e-47
2.270900e+01 8.679717e-47
2.276100e+01 8.602934e-47
2.281300e+01 8.527230e-47
2.286600e+01 8.452228e-47
2.291900e+01 8.377924e-47
2.297200e+01 8.304495e-47
2.302500e+01 8.231751e-47
2.307800e+01 8.159690e-47
2.313100e+01 8.088664e-47
2.318400e+01 8.018128e-47
2.323800e+01 7.948436e-47
2.329100e+01 7.879403e-47
2.334500e+01 7.811201e-47
2.339900e+01 7.743472e-47
2.345300e+01 7.676739e-47
2.350700e+01 7.610469e-47
2.356100e+01 7.545007e-47
2.361500e+01 7.480174e-47
2.367000e+01 7.415965e-47
2.372400e+01 7.352548e-47
2.377900e+01 7.289574e-47
2.383400e+01 7.227380e-47
2.388900e+01 7.165792e-47
2.394400e+01 7.104973e-47
2.399900e+01 7.044581e-47
2.405500e+01 6.984948e-47
2.411000e+01 6.925901e-47
2.416600e+01 6.867271e-47
2.422100e+01 6.809385e-47
2.427700e+01 6.752073e-47
2.433300e+01 6.695331e-47
2.438900e+01 6.639316e-47
2.444600e+01 6.583700e-47
2.450200e+01 6.528640e-47
2.455800e+01 6.474133e-47
2.461500e+01 6.420336e-47
2.467200e+01 6.366923e-47
2.472900e+01 6.314051e-47
2.478600e+01 6.261715e-47
2.484300e+01 6.210070e-47
2.490000e+01 6.158796e-47
2.495800e+01 6.108048e-47
2.501500e+01 6.057820e-47
2.507300e+01 6.007955e-47
2.513100e+01 5.958759e-47
2.518900e+01 5.910073e-47
2.524700e+01 5.861740e-47
2.530500e+01 5.814063e-47
2.536300e+01 5.766732e-47
2.542200e+01 5.719897e-47
2.548000e+01 5.673554e-47
2.553900e+01 5.627550e-47
2.559800e+01 5.582182e-47
2.565700e+01 5.537146e-47
2.571600e+01 5.492589e-47
2.577600e+01 5.448359e-47
2.583500e+01 5.404749e-47
2.589500e+01 5.361461e-47
2.595400e+01 5.318639e-47
2.601400e+01 5.276279e-47
2.607400e+01 5.234233e-47
2.613400e+01 5.192644e-47
2.619400e+01 5.151507e-47
2.625500e+01 5.110677e-47
2.631500e+01 5.070294e-47
2.637600e+01 5.030356e-47
2.643700e+01 4.990716e-47
2.649800e+01 4.951515e-47
2.655900e+01 4.912748e-47
2.662000e+01 4.874274e-47
2.668200e+01 4.836229e-47
2.674300e+01 4.798471e-47
2.680500e+01 4.761138e-47
2.686700e+01 4.724088e-47
2.692900e+01 4.687456e-47
2.699100e+01 4.651240e-47
2.705300e+01 4.615300e-47
2.711500e+01 4.579770e-47
2.717800e+01 4.544513e-47
2.724100e+01 4.509660e-47
2.730300e+01 4.475075e-47
2.736600e+01 4.440890e-47
2.742900e+01 4.406968e-47
2.749300e+01 4.373309e-47
2.755600e+01 4.340174e-47
2.762000e+01 4.307166e-47
2.768300e+01 4.274544e-47
2.774700e+01 4.242308e-47
2.781100e+01 4.210193e-47
2.787500e+01 4.178588e-47
2.794000e+01 4.147102e-47
2.800400e+01 4.115992e-47
2.806900e+01 4.085255e-47
2.813300e+01 4.054760e-47
2.819800e+01 4.024507e-47
2.826300e+01 3.994619e-47
2.832800e+01 3.964969e-47
2.839400e+01 3.935555e-47
2.845900e+01 3.906500e-47
2.852500e+01 3.877677e-47
2.859100e+01 3.849086e-47
2.865600e+01 3.820723e-47
2.872300e+01 3.792712e-47
2.878900e+01 3.765050e-47
2.885500e+01 3.737488e-47
2.892200e+01 3.710272e-47
2.898800e+01 3.683276e-47
2.905500e+01 3.656500e-47
2.912200e+01 3.630062e-47
2.918900e+01 3.603841e-47
2.925700e+01 3.577834e-47
2.932400e+01 3.552041e-47
2.939200e+01 3.526578e-47
2.946000e+01 3.501326e-47
2.952800e+01 3.476282e-47
2.959600e+01 3.451445e-47
2.966400e+01 3.426815e-47
2.973200e+01 3.402506e-47
2.980100e+01 3.378399e-47
2.987000e+01 3.354495e-47
2.993800e+01 3.330790e-47
3.000700e+01 3.307285e-47
3.007700e+01 3.283978e-47
3.014600e+01 3.260981e-47
3.021600e+01 3.238179e-47
3.028500e+01 3.215570e-47
3.035500e+01 3.193154e-47
3.042500e+01 3.170929e-47
3.049500e+01 3.148893e-47
3.056600e+01 3.127158e-47
3.063600e+01 3.105499e-47
3.070700e+01 3.084136e-47
3.077700e+01 3.062848e-47
3.084800e+01 3.041853e-47
3.092000e+01 3.021041e-47
3.099100e+01 3.000410e-47
3.106200e+01 2.979959e-47
3.113400e+01 2.959686e-47
3.120600e+01 2.939592e-47
3.127800e+01 2.919673e-47
3.135000e+01 2.899930e-47
3.142200e+01 2.880362e-47
3.149500e+01 2.860966e-47
3.156700e+01 2.841849e-47
3.164000e+01 2.822797e-47
3.171300e+01 2.803914e-47
3.178600e+01 2.785201e-47
3.185900e+01 2.766760e-47
3.193300e+01 2.748381e-47
3.200700e+01 2.730167e-47
3.208000e+01 2.712118e-47
3.215400e+01 2.694337e-47
3.222800e+01 2.676614e-47
3.230300e+01 2.659052e-47
3.237700e+01 2.641652e-47
3.245200e+01 2.624410e-47
3.252700e+01 2.607328e-47
3.260200e+01 2.590403e-47
3.267700e+01 2.573533e-47
3.275200e+01 2.556920e-47
3.282800e+01 2.540462e-47
3.290400e+01 2.524058e-47
3.297900e+01 2.507906e-47
3.305500e+01 2.491807e-47
3.313200e+01 2.475958e-47
3.320800e+01 2.460160e-47
3.328500e+01 2.444511e-47
3.336100e+01 2.429011e-47
3.343800e+01 2.413659e-47
3.351500e+01 2.398355e-47
3.359300e+01 2.383295e-47
3.367000e+01 2.368380e-47
3.374800e+01 2.353511e-47
3.382600e+01 2.338786e-47
3.390400e+01 2.324204e-47
3.398200e+01 2.309764e-47
3.406000e+01 2.295464e-47
3.413900e+01 2.281209e-47
3.421800e+01 2.267093e-47
3.429600e+01 2.253211e-47
3.437600e+01 2.239372e-47
3.445500e+01 2.225575e-47
3.453400e+01 2.212009e-47
3.461400e+01 2.198485e-47
3.469400e+01 2.185189e-47
3.477400e+01 2.171933e-47
3.485400e+01 2.158810e-47
3.493400e+01 2.145728e-47
3.501500e+01 2.132777e-47
3.509600e+01 2.120050e-47
3.517600e+01 2.107361e-47
3.525800e+01 2.094710e-47
3.533900e+01 2.082279e-47
3.542000e+01 2.069886e-47
3.550200e+01 2.057620e-47
3.558400e+01 2.045482e-47
3.566600e+01 2.033379e-47
3.574800e+01 2.021402e-47
3.583100e+01 2.009550e-47
3.591300e+01 1.997822e-47
3.599600e+01 1.986128e-47
3.607900e+01 1.974558e-47
3.616200e+01 1.963110e-47
3.624600e+01 1.951784e-47
3.632900e+01 1.940491e-47
3.641300e+01 1.929318e-47
3.649700e+01 1.918177e-47
3.658100e+01 1.907244e-47
3.666600e+01 1.896341e-47
3.675000e+01 1.885557e-47
3.683500e+01 1.874803e-47
3.692000e+01 1.864167e-47
3.700500e+01 1.853647e-47
3.709000e+01 1.843157e-47
3.717600e+01 1.832782e-47
3.726200e+01 1.822521e-47
3.734700e+01 1.812375e-47
3.743400e+01 1.802257e-47
3.752000e+01 1.792252e-47
3.760600e+01 1.782275e-47
3.769300e+01 1.772410e-47
3.778000e+01 1.762656e-47
3.786700e+01 1.752929e-47
3.795500e+01 1.743313e-47
3.804200e+01 1.733806e-47
3.813000e+01 1.724326e-47
3.821800e+01 1.714954e-47
3.830600e+01 1.705607e-47
3.839400e+01 1.696369e-47
3.848300e+01 1.687238e-47
3.857100e+01 1.678131e-47
3.866000e+01 1.669131e-47
3.875000e+01 1.660155e-47
3.883900e+01 1.651366e-47
3.892800e+01 1.642519e-47
3.901800e+01 1.633776e-47
3.910800e+01 1.625138e-47
3.919800e+01 1.616603e-47
3.928900e+01 1.608090e-47
3.937900e+01 1.599600e-47
3.947000e+01 1.591292e-47
3.956100e+01 1.582926e-47
3.965200e+01 1.574740e-47
3.974400e+01 1.566497e-47
3.983600e+01 1.558434e-47
3.992700e+01 1.550391e-47
4.001900e+01 1.542369e-47
4.011200e+01 1.534446e-47
4.020400e+01 1.526621e-47
4.029700e+01 1.518817e-47
4.039000e+01 1.511110e-47
4.048300e+01 1.503423e-47
4.057600e+01 1.495833e-47
4.067000e+01 1.488262e-47
4.076400e+01 1.480787e-47
4.085800e+01 1.473408e-47
4.095200e+01 1.465971e-47
4.104600e+01 1.458705e-47
4.114100e+01 1.451458e-47
4.123600e+01 1.444228e-47
4.133100e+01 1.437092e-47
4.142600e+01 1.429974e-47
4.152200e+01 1.422949e-47
4.161800e+01 1.416017e-47
4.171400e+01 1.409101e-47
4.181000e+01 1.402203e-47
4.190600e+01 1.395396e-47
4.200300e+01 1.388606e-47
4.210000e+01 1.381906e-47
4.219700e+01 1.375297e-47
4.229400e+01 1.368704e-47
4.239200e+01 1.362127e-47
4.248900e+01 1.355639e-47
4.258700e+01 1.349166e-47
4.268600e+01 1.342783e-47
4.278400e+01 1.336414e-47
4.288300e+01 1.330061e-47
4.298100e+01 1.323868e-47
4.308100e+01 1.317617e-47
4.318000e+01 1.311454e-47
4.328000e+01 1.305377e-47
4.337900e+01 1.299242e-47
4.347900e+01 1.293265e-47
4.358000e+01 1.287303e-47
4.368000e+01 1.281354e-47
4.378100e+01 1.275490e-47
4.388200e+01 1.269639e-47
4.398300e+01 1.263803e-47
4.408400e+01 1.258050e-47
4.418600e+01 1.252381e-47
4.428800e+01 1.246655e-47
4.439000e+01 1.241082e-47
4.449200e+01 1.235452e-47
4.459500e+01 1.229905e-47
4.469800e+01 1.224440e-47
4.480100e+01 1.218987e-47
4.490400e+01 1.213547e-47
4.500800e+01 1.208188e-47
4.511200e+01 1.202841e-47
4.521600e+01 1.197506e-47
4.532000e+01 1.192252e-47
4.542400e+01 1.187078e-47
4.552900e+01 1.181847e-47
4.563400e+01 1.176696e-47
4.573900e+01 1.171624e-47
4.584500e+01 1.166564e-47
4.595100e+01 1.161515e-47
4.605700e+01 1.156544e-47
4.616300e+01 1.151584e-47
4.626900e+01 1.146635e-47
4.637600e+01 1.141764e-47
4.648300e+01 1.136904e-47
4.659000e+01 1.132053e-47
4.669700e+01 1.127281e-47
4.680500e+01 1.122518e-47
4.691300e+01 1.117832e-47
4.702100e+01 1.113156e-47
4.713000e+01 1.108490e-47
4.723800e+01 1.103901e-47
4.734700e+01 1.099320e-47
4.745700e+01 1.094750e-47
4.756600e+01 1.090254e-47
4.767600e+01 1.085768e-47
4.778600e+01 1.081357e-47
4.789600e+01 1.076955e-47
4.800600e+01 1.072563e-47
4.811700e+01 1.068178e-47
4.822800e+01 1.063869e-47
4.833900e+01 1.059568e-47
4.845100e+01 1.055340e-47
4.856200e+01 1.051056e-47
4.867400e+01 1.046846e-47
4.878700e+01 1.042709e-47
4.889900e+01 1.038580e-47
4.901200e+01 1.034459e-47
4.912500e+01 1.030346e-47
4.923800e+01 1.026305e-47
4.935200e+01 1.022273e-47
4.946500e+01 1.018248e-47
4.957900e+01 1.014295e-47
4.969400e+01 1.010350e-47
4.980800e+01 1.006412e-47
4.992300e+01 1.002546e-47
5.003800e+01 9.986864e-48
5.015400e+01 9.948347e-48
5.026900e+01 9.910534e-48
5.038500e+01 9.872792e-48
5.050200e+01 9.835123e-48
5.061800e+01 9.797526e-48
5.073500e+01 9.760626e-48
5.085200e+01 9.723795e-48
5.096900e+01 9.687034e-48
5.108700e+01 9.650964e-48
5.120400e+01 9.614961e-48
5.132200e+01 9.579025e-48
5.144100e+01 9.543774e-48
5.155900e+01 9.507972e-48
5.167800e+01 9.472853e-48
5.179700e+01 9.438413e-48
5.191700e+01 9.403422e-48
5.203700e+01 9.369109e-48
5.215700e+01 9.334858e-48
5.227700e+01 9.301280e-48
5.239700e+01 9.267154e-48
5.251800e+01 9.233698e-48
5.263900e+01 9.200909e-48
5.276100e+01 9.167573e-48
5.288200e+01 9.134902e-48
5.300400e+01 9.102289e-48
5.312700e+01 9.069735e-48
5.324900e+01 9.037840e-48
5.337200e+01 9.005401e-48
5.349500e+01 8.973619e-48
5.361800e+01 8.942492e-48
5.374200e+01 8.910822e-48
5.386600e+01 8.879804e-48
5.399000e+01 8.848840e-48
5.411500e+01 8.818524e-48
5.423900e+01 8.787667e-48
5.436500e+01 8.757456e-48
5.449000e+01 8.727298e-48
5.461600e+01 8.697191e-48
5.474100e+01 8.667725e-48
5.486800e+01 8.638309e-48
5.499400e+01 8.608943e-48
5.512100e+01 8.579627e-48
5.524800e+01 8.550361e-48
5.537600e+01 8.521729e-48
5.550300e+01 8.493144e-48
5.563100e+01 8.464608e-48
5.576000e+01 8.436701e-48
5.588800e+01 8.408260e-48
5.601700e+01 8.380446e-48
5.614600e+01 8.352678e-48
5.627600e+01 8.325533e-48
5.640500e+01 8.297856e-48
5.653500e+01 8.270801e-48
5.666600e+01 8.243789e-48
5.679700e+01 8.216822e-48
5.692800e+01 8.190472e-48
5.705900e+01 8.163592e-48
5.719000e+01 8.137327e-48
5.732200e+01 8.111104e-48
5.745400e+01 8.084924e-48
5.758700e+01 8.059353e-48
5.772000e+01 8.033823e-48
5.785300e+01 8.008334e-48
5.798600e+01 7.982885e-48
5.812000e+01 7.957477e-48
5.825400e+01 7.932672e-48
5.838800e+01 7.907344e-48
5.852300e+01 7.882618e-48
5.865800e+01 7.857930e-48
5.879300e+01 7.833841e-48
5.892900e+01 7.809230e-48
5.906500e+01 7.785216e-48
5.920100e+01 7.761239e-48
5.933700e+01 7.737299e-48
5.947400e+01 7.713395e-48
5.961100e+01 7.690084e-48
5.974900e+01 7.666807e-48
5.988700e+01 7.643013e-48
6.002500e+01 7.620360e-48
6.016300e+01 7.597190e-48
6.030200e+01 7.574054e-48
6.044100e+01 7.551504e-48
6.058000e+01 7.528987e-48
6.072000e+01 7.506504e-48
6.086000e+01 7.484054e-48
6.100000e+01 7.461639e-48
6.114100e+01 7.439802e-48
6.128200e+01 7.417997e-48
6.142300e+01 7.396224e-48
6.156500e+01 7.374483e-48
6.170700e+01 7.352775e-48
6.184900e+01 7.331098e-48
6.199200e+01 7.309994e-48
6.213500e+01 7.288920e-48
6.227800e+01 7.267877e-48
6.242200e+01 7.246864e-48
6.256600e+01 7.225882e-48
6.271000e+01 7.205466e-48
6.285500e+01 7.184544e-48
6.299900e+01 7.164188e-48
6.314500e+01 7.143860e-48
6.329000e+01 7.123561e-48
6.343600e+01 7.103824e-48
6.358300e+01 7.083582e-48
6.372900e+01 7.063901e-48
6.387600e+01 7.044247e-48
6.402300e+01 7.024620e-48
6.417100e+01 7.005021e-48
6.431900e+01 6.985449e-48
6.446700e+01 6.965904e-48
6.461600e+01 6.946914e-48
6.476500e+01 6.927950e-48
6.491400e+01 6.909012e-48
6.506400e+01 6.890100e-48
6.521400e+01 6.871214e-48
6.536500e+01 6.852353e-48
6.551500e+01 6.834042e-48
6.566600e+01 6.815232e-48
6.581800e+01 6.796970e-48
6.597000e+01 6.778733e-48
6.612200e+01 6.760520e-48
6.627400e+01 6.742332e-48
6.642700e+01 6.724686e-48
6.658000e+01 6.706546e-48
6.673400e+01 6.688948e-48
6.688800e+01 6.671372e-48
6.704200e+01 6.653820e-48
6.719600e+01 6.636291e-48
6.735100e+01 6.618785e-48
6.750700e+01 6.601816e-48
6.766200e+01 6.584356e-48
6.781800e+01 6.567431e-48
6.797500e+01 6.550528e-48
6.813200e+01 6.533647e-48
6.828900e+01 6.516788e-48
6.844600e+01 6.499950e-48
6.860400e+01 6.483134e-48
6.876200e+01 6.466849e-48
6.892100e+01 6.450076e-48
6.908000e+01 6.433832e-48
6.923900e+01 6.417609e-48
6.939900e+01 6.401406e-48
6.955900e+01 6.385224e-48
6.971900e+01 6.369062e-48
6.988000e+01 6.353424e-48
7.004100e+01 6.337303e-48
7.020200e+01 6.321704e-48
7.036400e+01 6.306125e-48
7.052700e+01 6.290064e-48
7.068900e+01 6.275025e-48
7.085200e+01 6.259504e-48
7.101600e+01 6.244001e-48
7.117900e+01 6.228518e-48
7.134400e+01 6.213553e-48
7.150800e+01 6.198108e-48
7.167300e+01 6.183180e-48
7.183800e+01 6.168269e-48
7.200400e+01 6.153376e-48
7.217000e+01 6.138502e-48
7.233600e+01 6.123645e-48
7.250300e+01 6.109301e-48
7.267000e+01 6.094480e-48
7.283800e+01 6.080170e-48
7.300600e+01 6.065384e-48
7.317400e+01 6.051108e-48
7.334300e+01 6.036849e-48
7.351200e+01 6.022607e-48
7.368200e+01 6.008381e-48
7.385200e+01 5.994173e-48
7.402200e+01 5.980470e-48
7.419300e+01 5.966295e-48
7.436400e+01 5.952624e-48
7.453500e+01 5.938969e-48
7.470700e+01 5.924843e-48
7.487900e+01 5.911220e-48
7.505200e+01 5.897612e-48
7.522500e+01 5.884020e-48
7.539900e+01 5.870929e-48
7.557200e+01 5.857368e-48
7.574700e+01 5.843823e-48
7.592100e+01 5.830776e-48
7.609600e+01 5.817262e-48
7.627200e+01 5.804245e-48
7.644800e+01 5.791242e-48
7.662400e+01 5.778254e-48
7.680100e+01 5.765281e-48
7.697800e+01 5.752323e-48
7.715500e+01 5.739378e-48
7.733300e+01 5.726928e-48
7.751200e+01 5.714012e-48
7.769000e+01 5.701589e-48
7.787000e+01 5.688702e-48
7.804900e+01 5.676306e-48
7.822900e+01 5.663924e-48
7.840900e+01 5.651555e-48
7.859000e+01 5.639200e-48
7.877200e+01 5.626858e-48
7.895300e+01 5.614530e-48
7.913500e+01 5.602216e-48
7.931800e+01 5.590387e-48
7.950100e+01 5.578099e-48
7.968400e+01 5.566296e-48
7.986800e+01 5.554035e-48
8.005200e+01 5.542258e-48
8.023600e+01 5.530493e-48
8.042100e+01 5.518741e-48
8.060700e+01 5.507001e-48
8.079300e+01 5.495274e-48
8.097900e+01 5.483559e-48
8.116600e+01 5.472324e-48
8.135300e+01 5.460634e-48
8.154100e+01 5.448956e-48
8.172900e+01 5.437758e-48
8.191700e+01 5.426570e-48
8.210600e+01 5.414929e-48
8.229500e+01 5.403765e-48
8.248500e+01 5.392613e-48
8.267500e+01 5.381472e-48
8.286600e+01 5.370343e-48
8.305700e+01 5.359225e-48
8.324900e+01 5.348119e-48
8.344100e+01 5.337486e-48
8.363300e+01 5.326402e-48
8.382600e+01 5.315330e-48
8.401900e+01 5.304730e-48
8.421300e+01 5.294141e-48
8.440700e+01 5.283102e-48
8.460200e+01 5.272534e-48
8.479700e+01 5.261977e-48
8.499200e+01 5.251431e-48
8.518800e+01 5.240894e-48
8.538500e+01 5.230369e-48
8.558200e+01 5.219854e-48
8.577900e+01 5.209806e-48
8.597700e+01 5.199312e-48
8.617500e+01 5.188828e-48
8.637400e+01 5.178810e-48
8.657300e+01 5.168348e-48
8.677300e+01 5.158349e-48
8.697300e+01 5.148361e-48
8.717300e+01 5.137929e-48
8.737400e+01 5.127960e-48
8.757600e+01 5.118001e-48
8.777800e+01 5.108052e-48
8.798000e+01 5.098112e-48
8.818300e+01 5.088182e-48
8.838600e+01 5.078713e-48
8.859000e+01 5.068802e-48
8.879500e+01 5.058901e-48
8.899900e+01 5.049458e-48
8.920500e+01 5.039576e-48
8.941000e+01 5.030152e-48
8.961600e+01 5.020288e-48
8.982300e+01 5.010882e-48
9.003000e+01 5.001485e-48
9.023800e+01 4.992096e-48
9.044600e+01 4.982717e-48
9.065500e+01 4.973346e-48
9.086400e+01 4.963984e-48
9.107300e+01 4.954631e-48
9.128300e+01 4.945286e-48
9.149400e+01 4.935951e-48
9.170500e+01 4.927068e-48
9.191600e+01 4.917750e-48
9.212800e+01 4.908440e-48
9.234000e+01 4.899582e-48
9.255300e+01 4.890290e-48
9.276700e+01 4.881448e-48
9.298100e+01 4.872615e-48
9.319500e+01 4.863348e-48
9.341000e+01 4.854531e-48
9.362500e+01 4.845722e-48
9.384100e+01 4.836920e-48
9.405800e+01 4.828127e-48
9.427500e+01 4.819342e-48
9.449200e+01 4.810565e-48
9.471000e+01 4.802234e-48
9.492800e+01 4.793472e-48
9.514700e+01 4.784719e-48
9.536700e+01 4.776410e-48
9.558700e+01 4.767672e-48
9.580700e+01 4.758942e-48
9.602800e+01 4.750656e-48
9.624900e+01 4.742377e-48
9.647100e+01 4.733670e-48
9.669400e+01 4.725406e-48
9.691700e+01 4.717150e-48
9.714000e+01 4.708900e-48
9.736400e+01 4.700658e-48
9.758900e+01 4.692422e-48
9.781400e+01 4.684194e-48
9.803900e+01 4.675974e-48
9.826600e+01 4.667760e-48
9.849200e+01 4.659554e-48
9.871900e+01 4.651355e-48
9.894700e+01 4.643594e-48
9.917500e+01 4.635409e-48
9.940400e+01 4.627231e-48
9.963300e+01 4.619490e-48
9.986300e+01 4.611327e-48
1.000900e+02 4.603599e-48
1.003200e+02 4.595878e-48
1.005600e+02 4.587736e-48
1.007900e+02 4.580028e-48
1.010200e+02 4.572327e-48
1.012500e+02 4.564632e-48
1.014900e+02 4.556944e-48
1.017200e+02 4.549262e-48
1.019500e+02 4.541587e-48
1.021900e+02 4.533918e-48
1.024300e+02 4.526256e-48
1.026600e+02 4.518600e-48
1.029000e+02 4.510951e-48
1.031400e+02 4.503308e-48
1.033700e+02 4.496096e-48
1.036100e+02 4.488466e-48
1.038500e+02 4.480842e-48
1.040900e+02 4.473648e-48
1.043300e+02 4.466037e-48
1.045700e+02 4.458855e-48
1.048100e+02 4.451678e-48
1.050500e+02 4.444086e-48
1.053000e+02 4.436921e-48
1.055400e+02 4.429762e-48
1.057800e+02 4.422609e-48
1.060300e+02 4.415041e-48
1.062700e+02 4.407900e-48
1.065200e+02 4.400765e-48
1.067600e+02 4.393635e-48
1.070100e+02 4.386511e-48
1.072500e+02 4.379393e-48
1.075000e+02 4.372699e-48
1.077500e+02 4.365592e-48
1.080000e+02 4.358491e-48
1.082500e+02 4.351396e-48
1.085000e+02 4.344723e-48
1.087500e+02 4.337639e-48
1.090000e+02 4.330561e-48
1.092500e+02 4.323904e-48
1.095000e+02 4.316837e-48
1.097500e+02 4.310191e-48
1.100100e+02 4.303550e-48
1.102600e+02 4.296500e-48
1.105100e+02 4.289869e-48
1.107700e+02 4.283244e-48
1.110200e+02 4.276624e-48
1.112800e+02 4.269596e-48
1.115400e+02 4.262986e-48
1.117900e+02 4.256382e-48
1.120500e+02 4.249782e-48
1.123100e+02 4.243188e-48
1.125700e+02 4.236599e-48
1.128300e+02 4.230015e-48
1.130900e+02 4.223436e-48
1.133500e+02 4.217273e-48
1.136100e+02 4.210704e-48
1.138700e+02 4.204140e-48
1.141400e+02 4.197581e-48
1.144000e+02 4.191437e-48
1.146600e+02 4.184888e-48
1.149300e+02 4.178754e-48
1.151900e+02 4.172215e-48
1.154600e+02 4.166089e-48
1.157200e+02 4.159560e-48
1.159900e+02 4.153444e-48
1.162600e+02 4.146925e-48
1.165300e+02 4.140818e-48
1.168000e+02 4.134716e-48
1.170600e+02 4.128618e-48
1.173300e+02 4.122118e-48
1.176100e+02 4.116029e-48
1.178800e+02 4.109945e-48
1.181500e+02 4.103866e-48
1.184200e+02 4.097790e-48
1.186900e+02 4.091720e-48
1.189700e+02 4.085654e-48
1.192400e+02 4.079592e-48
1.195200e+02 4.073535e-48
1.197900e+02 4.067886e-48
1.200700e+02 4.061837e-48
1.203500e+02 4.055793e-48
1.206200e+02 4.049754e-48
1.209000e+02 4.044121e-48
1.211800e+02 4.038090e-48
1.214600e+02 4.032064e-48
1.217400e+02 4.026444e-48
1.220200e+02 4.020426e-48
1.223000e+02 4.014814e-48
1.225800e+02 4.008805e-48
1.228700e+02 4.003201e-48
1.231500e+02 3.997600e-48
1.234300e+02 3.991604e-48
1.237200e+02 3.986012e-48
1.240000e+02 3.980424e-48
1.242900e+02 3.974840e-48
1.245800e+02 3.968861e-48
1.248600e+02 3.963285e-48
1.251500e+02 3.957712e-48
1.254400e+02 3.952144e-48
1.257300e+02 3.946580e-48
1.260200e+02 3.941019e-48
1.263100e+02 3.935462e-48
1.266000e+02 3.929910e-48
1.268900e+02 3.924361e-48
1.271900e+02 3.919212e-48
1.274800e+02 3.913671e-48
1.277700e+02 3.908134e-48
1.280700e+02 3.902600e-48
1.283600e+02 3.897466e-48
1.286600e+02 3.891940e-48
1.289600e+02 3.886418e-48
1.292500e+02 3.881294e-48
1.295500e+02 3.875780e-48
1.298500e+02 3.870663e-48
1.301500e+02 3.865156e-48
1.304500e+02 3.860046e-48
1.307500e+02 3.854547e-48
1.310500e+02 3.849444e-48
1.313500e+02 3.844344e-48
1.316600e+02 3.838856e-48
1.319600e+02 3.833764e-48
1.322600e+02 3.828675e-48
1.325700e+02 3.823198e-48
1.328800e+02 3.818116e-48
1.331800e+02 3.813037e-48
1.334900e+02 3.807962e-48
1.338000e+02 3.802890e-48
1.341100e+02 3.797821e-48
1.344100e+02 3.792756e-48
1.347200e+02 3.787694e-48
1.350400e+02 3.782636e-48
1.353500e+02 3.777581e-48
1.356600e+02 3.772529e-48
1.359700e+02 3.767869e-48
1.362900e+02 3.762824e-48
1.366000e+02 3.757782e-48
1.369100e+02 3.752744e-48
1.372300e+02 3.748096e-48
1.375500e+02 3.743064e-48
1.378600e+02 3.738036e-48
1.381800e+02 3.733397e-48
1.385000e+02 3.728375e-48
1.388200e+02 3.723742e-48
1.391400e+02 3.718727e-48
1.394600e+02 3.714100e-48
1.397800e+02 3.709091e-48
1.401000e+02 3.704470e-48
1.404300e+02 3.699468e-48
1.407500e+02 3.694853e-48
1.410800e+02 3.690241e-48
1.414000e+02 3.685632e-48
1.417300e+02 3.680642e-48
1.420500e+02 3.676039e-48
1.423800e+02 3.671439e-48
1.427100e+02 3.666842e-48
1.430400e+02 3.662248e-48
1.433700e+02 3.657656e-48
1.437000e+02 3.653068e-48
1.440300e+02 3.648482e-48
1.443600e+02 3.643899e-48
1.447000e+02 3.639319e-48
1.450300e+02 3.634742e-48
1.453600e+02 3.630168e-48
1.457000e+02 3.625597e-48
1.460400e+02 3.621028e-48
1.463700e+02 3.616463e-48
1.467100e+02 3.612280e-48
1.470500e+02 3.607720e-48
1.473900e+02 3.603163e-48
1.477300e+02 3.598988e-48
1.480700e+02 3.594437e-48
1.484100e+02 3.589888e-48
1.487500e+02 3.585721e-48
1.490900e+02 3.581178e-48
1.494400e+02 3.577016e-48
1.497800e+02 3.572478e-48
1.501300e+02 3.568321e-48
1.504700e+02 3.563789e-48
1.508200e+02 3.559637e-48
1.511700e+02 3.555487e-48
1.515200e+02 3.550963e-48
1.518700e+02 3.546819e-48
1.522200e+02 3.542677e-48
1.525700e+02 3.538537e-48
1.529200e+02 3.534400e-48
1.532700e+02 3.529889e-48
1.536300e+02 3.525757e-48
1.539800e+02 3.521628e-48
1.543400e+02 3.517500e-48
1.546900e+02 3.513375e-48
1.550500e+02 3.509253e-48
1.554100e+02 3.505133e-48
1.557600e+02 3.501015e-48
1.561200e+02 3.496900e-48
1.564800e+02 3.492787e-48
1.568400e+02 3.489050e-48
1.572100e+02 3.484942e-48
1.575700e+02 3.480836e-48
1.579300e+02 3.476733e-48
1.583000e+02 3.472632e-48
1.586600e+02 3.468906e-48
1.590300e+02 3.464810e-48
1.593900e+02 3.460716e-48
1.597600e+02 3.456996e-48
1.601300e+02 3.452907e-48
1.605000e+02 3.449192e-48
1.608700e+02 3.445107e-48
1.612400e+02 3.441396e-48
1.616100e+02 3.437316e-48
1.619800e+02 3.433609e-48
1.623600e+02 3.429534e-48
1.627300e+02 3.425831e-48
1.631100e+02 3.422130e-48
1.634800e+02 3.418061e-48
1.638600e+02 3.414365e-48
1.642400e+02 3.410670e-48
1.646200e+02 3.406978e-48
1.650000e+02 3.403287e-48
1.653800e+02 3.399230e-48
1.657600e+02 3.395543e-48
1.661400e+02 3.391859e-48
1.665200e+02 3.388176e-48
1.669100e+02 3.384496e-48
1.672900e+02 3.380818e-48
1.676800e+02 3.377141e-48
1.680700e+02 3.373467e-48
1.684500e+02 3.369794e-48
1.688400e+02 3.366124e-48
1.692300e+02 3.362456e-48
1.696200e+02 3.359156e-48
1.700100e+02 3.355491e-48
1.704000e+02 3.351829e-48
1.708000e+02 3.348168e-48
1.711900e+02 3.344875e-48
1.715900e+02 3.341218e-48
1.719800e+02 3.337564e-48
1.723800e+02 3.334276e-48
1.727800e+02 3.330625e-48
1.731700e+02 3.327341e-48
1.735700e+02 3.323694e-48
1.739700e+02 3.320413e-48
1.743700e+02 3.316769e-48
1.747800e+02 3.313492e-48
1.751800e+02 3.309852e-48
1.755800e+02 3.306579e-48
1.759900e+02 3.303306e-48
1.763900e+02 3.299672e-48
1.768000e+02 3.296403e-48
1.772100e+02 3.293136e-48
1.776200e+02 3.289508e-48
1.780300e+02 3.286244e-48
1.784400e+02 3.282982e-48
1.788500e+02 3.279721e-48
1.792600e+02 3.276462e-48
1.796800e+02 3.273205e-48
1.800900e+02 3.269949e-48
1.805000e+02 3.266695e-48
1.809200e+02 3.263442e-48
1.813400e+02 3.260191e-48
1.817600e+02 3.256942e-48
1.821800e+02 3.253694e-48
1.826000e+02 3.250448e-48
1.830200e+02 3.247204e-48
1.834400e+02 3.243961e-48
1.838600e+02 3.241080e-48
1.842900e+02 3.237840e-48
1.847100e+02 3.234602e-48
1.851400e+02 3.231366e-48
1.855600e+02 3.228490e-48
1.859900e+02 3.225257e-48
1.864200e+02 3.222384e-48
1.868500e+02 3.219154e-48
1.872800e+02 3.216284e-48
1.877100e+02 3.213056e-48
1.881500e+02 3.210189e-48
1.885800e+02 3.206965e-48
1.890100e+02 3.204100e-48
1.894500e+02 3.200879e-48
1.898900e+02 3.198017e-48
1.903300e+02 3.195156e-48
1.907600e+02 3.191940e-48
1.912000e+02 3.189082e-48
1.916500e+02 3.186225e-48
1.920900e+02 3.183370e-48
1.925300e+02 3.180159e-48
1.929700e+02 3.177306e-48
1.934200e+02 3.174455e-48
1.938700e+02 3.171605e-48
1.943100e+02 3.168756e-48
1.947600e+02 3.165908e-48
1.952100e+02 3.163062e-48
1.956600e+02 3.160217e-48
1.961100e+02 3.157374e-48
1.965600e+02 3.154531e-48
1.970200e+02 3.151690e-48
1.974700e+02 3.148850e-48
1.979300e+02 3.146366e-48
1.983800e+02 3.143529e-48
1.988400e+02 3.140693e-48
1.993000e+02 3.137858e-48
1.997600e+02 3.135378e-48
2.002200e+02 3.132546e-48
2.006800e+02 3.129715e-48
2.011400e+02 3.127239e-48
2.016100e+02 3.124410e-48
2.020700e+02 3.121936e-48
2.025400e+02 3.119109e-48
2.030000e+02 3.116637e-48
2.034700e+02 3.113813e-48
2.039400e+02 3.111343e-48
2.044100e+02 3.108522e-48
2.048800e+02 3.106054e-48
2.053600e+02 3.103587e-48
2.058300e+02 3.100769e-48
2.063000e+02 3.098304e-48
2.067800e+02 3.095840e-48
2.072600e+02 3.093377e-48
2.077300e+02 3.090916e-48
2.082100e+02 3.088103e-48
2.086900e+02 3.085644e-48
2.091800e+02 3.083185e-48
2.096600e+02 3.080727e-48
2.101400e+02 3.078270e-48
2.106300e+02 3.075814e-48
2.111100e+02 3.073360e-48
2.116000e+02 3.070906e-48
2.120900e+02 3.068453e-48
2.125800e+02 3.066351e-48
2.130700e+02 3.063900e-48
2.135600e+02 3.061450e-48
2.140500e+02 3.059001e-48
2.145400e+02 3.056553e-48
2.150400e+02 3.054455e-48
2.155300e+02 3.052009e-48
2.160300e+02 3.049564e-48
2.165300e+02 3.047468e-48
2.170300e+02 3.045025e-48
2.175300e+02 3.042931e-48
2.180300e+02 3.040490e-48
2.185300e+02 3.038398e-48
2.190400e+02 3.035958e-48
2.195400e+02 3.033867e-48
2.200500e+02 3.031429e-48
2.205600e+02 3.029340e-48
2.210600e+02 3.027252e-48
2.215700e+02 3.025164e-48
2.220800e+02 3.022730e-48
2.226000e+02 3.020644e-48
2.231100e+02 3.018559e-48
2.236200e+02 3.016474e-48
2.241400e+02 3.014390e-48
2.246600e+02 3.011960e-48
2.251800e+02 3.009878e-48
2.256900e+02 3.007796e-48
2.262200e+02 3.005716e-48
2.267400e+02 3.003636e-48
2.272600e+02 3.001903e-48
2.277800e+02 2.999824e-48
2.283100e+02 2.997746e-48
2.288400e+02 2.995669e-48
2.293600e+02 2.993592e-48
2.298900e+02 2.991516e-48
2.304200e+02 2.989787e-48
2.309500e+02 2.987712e-48
2.314900e+02 2.985638e-48
2.320200e+02 2.983911e-48
2.325600e+02 2.981838e-48
2.330900e+02 2.979766e-48
2.336300e+02 2.978040e-48
2.341700e+02 2.975970e-48
2.347100e+02 2.974245e-48
2.352500e+02 2.972521e-48
2.357900e+02 2.970452e-48
2.363400e+02 2.968729e-48
2.368800e+02 2.966662e-48
2.374300e+02 2.964940e-48
2.379700e+02 2.963218e-48
2.385200e+02 2.961497e-48
2.390700e+02 2.959432e-48
2.396200e+02 2.957712e-48
2.401800e+02 2.955992e-48
2.407300e+02 2.954273e-48
2.412900e+02 2.952555e-48
2.418400e+02 2.950837e-48
2.424000e+02 2.949119e-48
2.429600e+02 2.947402e-48
2.435200e+02 2.945686e-48
2.440800e+02 2.943970e-48
2.446400e+02 2.942254e-48
2.452100e+02 2.940539e-48
2.457700e+02 2.939167e-48
2.463400e+02 2.937453e-48
2.469100e+02 2.935740e-48
2.474800e+02 2.934369e-48
2.480500e+02 2.932656e-48
2.486200e+02 2.930944e-48
2.491900e+02 2.929575e-48
2.497700e+02 2.927863e-48
2.503400e+02 2.926494e-48
2.509200e+02 2.924784e-48
2.515000e+02 2.923416e-48
2.520800e+02 2.921706e-48
2.526600e+02 2.920339e-48
2.532400e+02 2.918972e-48
2.538300e+02 2.917264e-48
2.544100e+02 2.915898e-48
2.550000e+02 2.914532e-48
2.555900e+02 2.913166e-48
2.561800e+02 2.911801e-48
2.567700e+02 2.910095e-48
2.573600e+02 2.908730e-48
2.579500e+02 2.907366e-48
2.585500e+02 2.906002e-48
2.591400e+02 2.904638e-48
2.597400e+02 2.903275e-48
2.603400e+02 2.901912e-48
2.609400e+02 2.900890e-48
2.615400e+02 2.899528e-48
2.621500e+02 2.898166e-48
2.627500e+02 2.896804e-48
2.633600e+02 2.895783e-48
2.639600e+02 2.894422e-48
2.645700e+02 2.893061e-48
2.651800e+02 2.892040e-48
2.657900e+02 2.890680e-48
2.664100e+02 2.889320e-48
2.670200e+02 2.888300e-48
2.676400e+02 2.887281e-48
2.682500e+02 2.885921e-48
2.688700e+02 2.884902e-48
2.694900e+02 2.883544e-48
2.701100e+02 2.882525e-48
2.707400e+02 2.881506e-48
2.713600e+02 2.880488e-48
2.719900e+02 2.879130e-48
2.726100e+02 2.878112e-48
2.732400e+02 2.877094e-48
2.738700e+02 2.876077e-48
2.745000e+02 2.875059e-48
2.751400e+02 2.874042e-48
2.757700e+02 2.873025e-48
2.764100e+02 2.872008e-48
2.770500e+02 2.870991e-48
2.776800e+02 2.869975e-48
2.783200e+02 2.869297e-48
2.789700e+02 2.868281e-48
2.796100e+02 2.867265e-48
2.802500e+02 2.866249e-48
2.809000e+02 2.865572e-48
2.815500e+02 2.864556e-48
2.822000e+02 2.863879e-48
2.828500e+02 2.862864e-48
2.835000e+02 2.861849e-48
2.841500e+02 2.861172e-48
2.848100e+02 2.860496e-48
2.854700e+02 2.859481e-48
2.861300e+02 2.858805e-48
2.867800e+02 2.858128e-48
2.874500e+02 2.857114e-48
2.881100e+02 2.856438e-48
2.887700e+02 2.855762e-48
2.894400e+02 2.855086e-48
2.901100e+02 2.854410e-48
2.907800e+02 2.853734e-48
2.914500e+02 2.853059e-48
2.921200e+02 2.852383e-48
2.927900e+02 2.851708e-48
2.934700e+02 2.851032e-48
2.941400e+02 2.850357e-48
2.948200e+02 2.849682e-48
2.955000e+02 2.849006e-48
2.961800e+02 2.848669e-48
2.968700e+02 2.847994e-48
2.975500e+02 2.847319e-48
2.982400e+02 2.846981e-48
2.989200e+02 2.846306e-48
2.996100e+02 2.845969e-48
3.003100e+02 2.845294e-48
3.010000e+02 2.844957e-48
3.016900e+02 2.844282e-48
3.023900e+02 2.843945e-48
3.030800e+02 2.843608e-48
3.037800e+02 2.843270e-48
3.044800e+02 2.842596e-48
3.051900e+02 2.842259e-48
3.058900e+02 2.841922e-48
3.066000e+02 2.841584e-48
3.073000e+02 2.841247e-48
3.080100e+02 2.840910e-48
3.087200e+02 2.840573e-48
3.094300e+02 2.840236e-48
3.101500e+02 2.839899e-48
3.108600e+02 2.839562e-48
3.115800e+02 2.839225e-48
3.123000e+02 2.839225e-48
3.130200e+02 2.838888e-48
3.137400e+02 2.838551e-48
3.144600e+02 2.838551e-48
3.151900e+02 2.838214e-48
3.159100e+02 2.838214e-48
3.166400e+02 2.837877e-48
3.173700e+02 2.837877e-48
3.181100e+02 2.837540e-48
3.188400e+02 2.837540e-48
3.195700e+02 2.837540e-48
3.203100e+02 2.837203e-48
3.210500e+02 2.837203e-48
3.217900e+02 2.837203e-48
3.225300e+02 2.837203e-48
3.232800e+02 2.837203e-48
3.240200e+02 2.837203e-48
3.247700e+02 2.837203e-48
3.255200e+02 2.837203e-48
3.262700e+02 2.837203e-48
3.270200e+02 2.837203e-48
3.277700e+02 2.837203e-48
3.285300e+02 2.837540e-48
3.292900e+02 2.837540e-48
3.300500e+02 2.837540e-48
3.308100e+02 2.837877e-48
3.315700e+02 2.837877e-48
3.323400e+02 2.838214e-48
3.331000e+02 2.838214e-48
3.338700e+02 2.838551e-48
3.346400e+02 2.838551e-48
3.354100e+02 2.838888e-48
3.361900e+02 2.839225e-48
3.369600e+02 2.839225e-48
3.377400e+02 2.839562e-48
3.385200e+02 2.839899e-48
3.393000e+02 2.840236e-48
3.400800e+02 2.840573e-48
3.408600e+02 2.840910e-48
3.416500e+02 2.841247e-48
3.424400e+02 2.841584e-48
3.432300e+02 2.841922e-48
3.440200e+02 2.842259e-48
3.448100e+02 2.842933e-48
3.456100e+02 2.843270e-48
3.464000e+02 2.843608e-48
3.472000e+02 2.844282e-48
3.480000e+02 2.844620e-48
3.488100e+02 2.845294e-48
3.496100e+02 2.845632e-48
3.504200e+02 2.846306e-48
3.512300e+02 2.846644e-48
3.520400e+02 2.847319e-48
3.528500e+02 2.847994e-48
3.536600e+02 2.848669e-48
3.544800e+02 2.849344e-48
3.552900e+02 2.849682e-48
3.561100e+02 2.850357e-48
3.569300e+02 2.851032e-48
3.577600e+02 2.851708e-48
3.585800e+02 2.852721e-48
3.594100e+02 2.853397e-48
3.602400e+02 2.854072e-48
3.610700e+02 2.854748e-48
3.619000e+02 2.855424e-48
3.627400e+02 2.856438e-48
3.635700e+02 2.857114e-48
3.644100e+02 2.858128e-48
3.652500e+02 2.858805e-48
3.660900e+02 2.859819e-48
3.669400e+02 2.860496e-48
3.677800e+02 2.861511e-48
3.686300e+02 2.862526e-48
3.694800e+02 2.863541e-48
3.703300e+02 2.864218e-48
3.711900e+02 2.865233e-48
3.720400e+02 2.866249e-48
3.729000e+02 2.867265e-48
3.737600e+02 2.868281e-48
3.746200e+02 2.869297e-48
3.754900e+02 2.870652e-48
3.763500e+02 2.871669e-48
3.772200e+02 2.872686e-48
3.780900e+02 2.873703e-48
3.789600e+02 2.875059e-48
3.798400e+02 2.876077e-48
3.807100e+02 2.877434e-48
3.815900e+02 2.878452e-48
3.824700e+02 2.879809e-48
3.833500e+02 2.880827e-48
3.842400e+02 2.882185e-48
3.851200e+02 2.883544e-48
3.860100e+02 2.884902e-48
3.869000e+02 2.885921e-48
3.877900e+02 2.887281e-48
3.886900e+02 2.888640e-48
3.895800e+02 2.890000e-48
3.904800e+02 2.891700e-48
3.913800e+02 2.893061e-48
3.922800e+02 2.894422e-48
3.931900e+02 2.895783e-48
3.941000e+02 2.897144e-48
3.950000e+02 2.898847e-48
3.959200e+02 2.900209e-48
3.968300e+02 2.901912e-48
3.977400e+02 2.903275e-48
3.986600e+02 2.904979e-48
3.995800e+02 2.906684e-48
4.005000e+02 2.908048e-48
4.014300e+02 2.909754e-48
4.023500e+02 2.911460e-48
4.032800e+02 2.913166e-48
4.042100e+02 2.914873e-48
4.051400e+02 2.916581e-48
4.060800e+02 2.918289e-48
4.070100e+02 2.919997e-48
4.079500e+02 2.921706e-48
4.088900e+02 2.923416e-48
4.098300e+02 2.925468e-48
4.107800e+02 2.927179e-48
4.117300e+02 2.929232e-48
4.126800e+02 2.930944e-48
4.136300e+02 2.932999e-48
4.145800e+02 2.934712e-48
4.155400e+02 2.936768e-48
4.165000e+02 2.938824e-48
4.174600e+02 2.940539e-48
4.184200e+02 2.942597e-48
4.193800e+02 2.944656e-48
4.203500e+02 2.946716e-48
4.213200e+02 2.948776e-48
4.222900e+02 2.950837e-48
4.232700e+02 2.953242e-48
4.242400e+02 2.955305e-48
4.252200e+02 2.957368e-48
4.262000e+02 2.959432e-48
4.271800e+02 2.961841e-48
4.281700e+02 2.963907e-48
4.291600e+02 2.966317e-48
4.301500e+02 2.968729e-48
4.311400e+02 2.970797e-48
4.321300e+02 2.973210e-48
4.331300e+02 2.975625e-48
4.341300e+02 2.978040e-48
4.351300e+02 2.980457e-48
4.361300e+02 2.982874e-48
4.371400e+02 2.985293e-48
4.381400e+02 2.987712e-48
4.391600e+02 2.990133e-48
4.401700e+02 2.992554e-48
4.411800e+02 2.994976e-48
4.422000e+02 2.997746e-48
4.432200e+02 3.000170e-48
4.442400e+02 3.002942e-48
4.452700e+02 3.005369e-48
4.462900e+02 3.008143e-48
4.473200e+02 3.010919e-48
4.483500e+02 3.013696e-48
4.493900e+02 3.016127e-48
4.504200e+02 3.018906e-48
4.514600e+02 3.021687e-48
4.525000e+02 3.024469e-48
4.535500e+02 3.027600e-48
4.545900e+02 3.030385e-48
4.556400e+02 3.033171e-48
4.566900e+02 3.035958e-48
4.577500e+02 3.039095e-48
4.588000e+02 3.041885e-48
4.598600e+02 3.045025e-48
4.609200e+02 3.048167e-48
4.619800e+02 3.050961e-48
4.630500e+02 3.054106e-48
4.641200e+02 3.057252e-48
4.651900e+02 3.060400e-48
4.662600e+02 3.063550e-48
4.673300e+02 3.066701e-48
4.684100e+02 3.069854e-48
4.694900e+02 3.073360e-48
4.705700e+02 3.076516e-48
4.716600e+02 3.079674e-48
4.727500e+02 3.083185e-48
4.738400e+02 3.086698e-48
4.749300e+02 3.090212e-48
4.760200e+02 3.093729e-48
4.771200e+02 3.097248e-48
4.782200e+02 3.100769e-48
4.793300e+02 3.104292e-48
4.804300e+02 3.108169e-48
4.815400e+02 3.112049e-48
4.826500e+02 3.115931e-48
4.837600e+02 3.120169e-48
4.848800e+02 3.124410e-48
4.860000e+02 3.129007e-48
4.871200e+02 3.133962e-48
4.882400e+02 3.139630e-48
4.893700e+02 3.146366e-48
4.904900e+02 3.155242e-48
4.916300e+02 3.167688e-48
4.927600e+02 3.189796e-48
4.939000e+02 3.241440e-48
4.950300e+02 3.453279e-48
4.961800e+02 1.172172e-47
4.973200e+02 3.908924e-48
4.984700e+02 3.305124e-48
4.996200e+02 3.225616e-48
5.007700e+02 3.203026e-48
5.019200e+02 3.195514e-48
5.030800e+02 3.193369e-48
5.042400e+02 3.193726e-48
5.054000e+02 3.195514e-48
5.065700e+02 3.198375e-48
5.077400e+02 3.201237e-48
5.089100e+02 3.204816e-48
5.100800e+02 3.208397e-48
5.112600e+02 3.211981e-48
5.124400e+02 3.215925e-48
5.136200e+02 3.219871e-48
5.148000e+02 3.223820e-48
5.159900e+02 3.228131e-48
5.171800e+02 3.232444e-48
5.183700e+02 3.236761e-48
5.195700e+02 3.241080e-48
5.207700e+02 3.245402e-48
5.219700e+02 3.249727e-48
5.231700e+02 3.254055e-48
5.243800e+02 3.258747e-48
5.255900e+02 3.263081e-48
5.268000e+02 3.267779e-48
5.280100e+02 3.272481e-48
5.292300e+02 3.277186e-48
5.304500e+02 3.281895e-48
5.316700e+02 3.286606e-48
5.329000e+02 3.291322e-48
5.341300e+02 3.296040e-48
5.353600e+02 3.300762e-48
5.366000e+02 3.305851e-48
5.378300e+02 3.310580e-48
5.390700e+02 3.315677e-48
5.403200e+02 3.320413e-48
5.415600e+02 3.325517e-48
5.428100e+02 3.330625e-48
5.440600e+02 3.335737e-48
5.453200e+02 3.340853e-48
5.465700e+02 3.345973e-48
5.478400e+02 3.351096e-48
5.491000e+02 3.356224e-48
5.503600e+02 3.361356e-48
5.516300e+02 3.366858e-48
5.529100e+02 3.371998e-48
5.541800e+02 3.377509e-48
5.554600e+02 3.382657e-48
5.567400e+02 3.388176e-48
5.580200e+02 3.393701e-48
5.593100e+02 3.399230e-48
5.606000e+02 3.404763e-48
5.618900e+02 3.410301e-48
5.631900e+02 3.415843e-48
5.644900e+02 3.421390e-48
5.657900e+02 3.426941e-48
5.670900e+02 3.432868e-48
5.684000e+02 3.438428e-48
5.697100e+02 3.444365e-48
5.710300e+02 3.449935e-48
5.723400e+02 3.455881e-48
5.736600e+02 3.461832e-48
5.749900e+02 3.467789e-48
5.763100e+02 3.473750e-48
5.776400e+02 3.479717e-48
5.789700e+02 3.485689e-48
5.803100e+02 3.491666e-48
5.816500e+02 3.498022e-48
5.829900e+02 3.504010e-48
5.843300e+02 3.510377e-48
5.856800e+02 3.516375e-48
5.870300e+02 3.522754e-48
5.883800e+02 3.529138e-48
5.897400e+02 3.535152e-48
5.911000e+02 3.541548e-48
5.924600e+02 3.547949e-48
5.938300e+02 3.554356e-48
5.952000e+02 3.561146e-48
5.965700e+02 3.567565e-48
5.979500e+02 3.573990e-48
5.993300e+02 3.580799e-48
6.007100e+02 3.587236e-48
6.020900e+02 3.594058e-48
6.034800e+02 3.600886e-48
6.048700e+02 3.607720e-48
6.062700e+02 3.614181e-48
6.076700e+02 3.621028e-48
6.090700e+02 3.628263e-48
6.104700e+02 3.635124e-48
6.118800e+02 3.641991e-48
6.132900e+02 3.648864e-48
6.147000e+02 3.656126e-48
6.161200e+02 3.663013e-48
6.175400e+02 3.670290e-48
6.189700e+02 3.677573e-48
6.203900e+02 3.684864e-48
6.218300e+02 3.692162e-48
6.232600e+02 3.699468e-48
6.247000e+02 3.706780e-48
6.261400e+02 3.714100e-48
6.275800e+02 3.721427e-48
6.290300e+02 3.728761e-48
6.304800e+02 3.736489e-48
6.319300e+02 3.744225e-48
6.333900e+02 3.751582e-48
6.348500e+02 3.759333e-48
6.363100e+02 3.767093e-48
6.377800e+02 3.774860e-48
6.392500e+02 3.782636e-48
6.407300e+02 3.790420e-48
6.422000e+02 3.798211e-48
6.436800e+02 3.806011e-48
6.451700e+02 3.814209e-48
6.466600e+02 3.822025e-48
6.481500e+02 3.830240e-48
6.496400e+02 3.838465e-48
6.511400e+02 3.846305e-48
6.526400e+02 3.854547e-48
6.541500e+02 3.862797e-48
6.556600e+02 3.871056e-48
6.571700e+02 3.879324e-48
6.586800e+02 3.887995e-48
6.602000e+02 3.896281e-48
6.617200e+02 3.904971e-48
6.632500e+02 3.913275e-48
6.647800e+02 3.921984e-48
6.663100e+02 3.930703e-48
6.678500e+02 3.939034e-48
6.693900e+02 3.947772e-48
6.709300e+02 3.956519e-48
6.724800e+02 3.965674e-48
6.740300e+02 3.974441e-48
6.755900e+02 3.983218e-48
6.771400e+02 3.992404e-48
6.787000e+02 4.001200e-48
6.802700e+02 4.010407e-48
6.818400e+02 4.019624e-48
6.834100e+02 4.028450e-48
6.849900e+02 4.037688e-48
6.865700e+02 4.046937e-48
6.881500e+02 4.056599e-48
6.897400e+02 4.065869e-48
6.913300e+02 4.075150e-48
6.929200e+02 4.084845e-48
6.945200e+02 4.094148e-48
6.961200e+02 4.103866e-48
6.977300e+02 4.113595e-48
6.993300e+02 4.122930e-48
7.009500e+02 4.132682e-48
7.025600e+02 4.142446e-48
7.041800e+02 4.152629e-48
7.058100e+02 4.162416e-48
7.074400e+02 4.172215e-48
7.090700e+02 4.182434e-48
7.107000e+02 4.192256e-48
7.123400e+02 4.202500e-48
7.139800e+02 4.212756e-48
7.156300e+02 4.223025e-48
7.172800e+02 4.233306e-48
7.189300e+02 4.243600e-48
7.205900e+02 4.253906e-48
7.222500e+02 4.264225e-48
7.239200e+02 4.274970e-48
7.255900e+02 4.285314e-48
7.272600e+02 4.296085e-48
7.289400e+02 4.306455e-48
7.306200e+02 4.317253e-48
7.323000e+02 4.328064e-48
7.339900e+02 4.338889e-48
7.356900e+02 4.349727e-48
7.373800e+02 4.360997e-48
7.390800e+02 4.371863e-48
7.407900e+02 4.382742e-48
7.425000e+02 4.394054e-48
7.442100e+02 4.405381e-48
7.459200e+02 4.416302e-48
7.476400e+02 4.427658e-48
7.493700e+02 4.439028e-48
7.511000e+02 4.450412e-48
7.528300e+02 4.462234e-48
7.545600e+02 4.473648e-48
7.563000e+02 4.485077e-48
7.580500e+02 4.496944e-48
7.598000e+02 4.508828e-48
7.615500e+02 4.520301e-48
7.633000e+02 4.532215e-48
7.650600e+02 4.544145e-48
7.668300e+02 4.556090e-48
7.686000e+02 4.568479e-48
7.703700e+02 4.580456e-48
7.721500e+02 4.592449e-48
7.739300e+02 4.604887e-48
7.757100e+02 4.616912e-48
7.775000e+02 4.629383e-48
7.792900e+02 4.641870e-48
7.810900e+02 4.654375e-48
7.828900e+02 4.666896e-48
7.847000e+02 4.679434e-48
7.865100e+02 4.692422e-48
7.883200e+02 4.704995e-48
7.901400e+02 4.718018e-48
7.919600e+02 4.730625e-48
7.937900e+02 4.743684e-48
7.956200e+02 4.756761e-48
7.974500e+02 4.769856e-48
7.992900e+02 4.782969e-48
8.011300e+02 4.796100e-48
8.029800e+02 4.809688e-48
8.048300e+02 4.822855e-48
8.066900e+02 4.836481e-48
8.085500e+02 4.849685e-48
8.104100e+02 4.863348e-48
8.122800e+02 4.877031e-48
8.141600e+02 4.890732e-48
8.160300e+02 4.904453e-48
8.179100e+02 4.918637e-48
8.198000e+02 4.932397e-48
8.216900e+02 4.946176e-48
8.235900e+02 4.960420e-48
8.254900e+02 4.974684e-48
8.273900e+02 4.988969e-48
8.293000e+02 5.003274e-48
8.312100e+02 5.017600e-48
8.331300e+02 5.031946e-48
8.350500e+02 5.046313e-48
8.369700e+02 5.061150e-48
8.389000e+02 5.075558e-48
8.408400e+02 5.090438e-48
8.427800e+02 5.105340e-48
8.447200e+02 5.119811e-48
8.466700e+02 5.135209e-48
8.486200e+02 5.150176e-48
8.505800e+02 5.165165e-48
8.525400e+02 5.180176e-48
8.545000e+02 5.195664e-48
8.564700e+02 5.210719e-48
8.584500e+02 5.226253e-48
8.604300e+02 5.241810e-48
8.624100e+02 5.257390e-48
8.644000e+02 5.272994e-48
8.664000e+02 5.288620e-48
8.683900e+02 5.304730e-48
8.704000e+02 5.320404e-48
8.724000e+02 5.336562e-48
8.744100e+02 5.352745e-48
8.764300e+02 5.368489e-48
8.784500e+02 5.384720e-48
8.804800e+02 5.400976e-48
8.825100e+02 5.417722e-48
8.845400e+02 5.434027e-48
8.865800e+02 5.450357e-48
8.886300e+02 5.467179e-48
8.906800e+02 5.484027e-48
8.927300e+02 5.500901e-48
8.947900e+02 5.517801e-48
8.968500e+02 5.534727e-48
8.989200e+02 5.551678e-48
9.009900e+02 5.568656e-48
9.030700e+02 5.586132e-48
9.051500e+02 5.603162e-48
9.072400e+02 5.620693e-48
9.093300e+02 5.638250e-48
9.114300e+02 5.655835e-48
9.135300e+02 5.673448e-48
9.156400e+02 5.691087e-48
9.177500e+02 5.708754e-48
9.198700e+02 5.726928e-48
9.219900e+02 5.745130e-48
9.241100e+02 5.762880e-48
9.262500e+02 5.781139e-48
9.283800e+02 5.799427e-48
9.305200e+02 5.817744e-48
9.326700e+02 5.836090e-48
9.348200e+02 5.854948e-48
9.369700e+02 5.873352e-48
9.391300e+02 5.892271e-48
9.413000e+02 5.911220e-48
9.434700e+02 5.930199e-48
9.456500e+02 5.949209e-48
9.478300e+02 5.968249e-48
9.500100e+02 5.987320e-48
9.522000e+02 6.006911e-48
9.544000e+02 6.026043e-48
9.566000e+02 6.045697e-48
9.588100e+02 6.065384e-48
9.610200e+02 6.085102e-48
9.632300e+02 6.104853e-48
9.654500e+02 6.124635e-48
9.676800e+02 6.144449e-48
9.699100e+02 6.164792e-48
9.721500e+02 6.184672e-48
9.743900e+02 6.205081e-48
9.766400e+02 6.225524e-48
9.788900e+02 6.246500e-48
9.811500e+02 6.267012e-48
9.834100e+02 6.288058e-48
9.856800e+02 6.309139e-48
9.879500e+02 6.331766e-48
9.902300e+02 6.360484e-48
9.925100e+02 6.954296e-48
9.948000e+02 6.411530e-48
9.971000e+02 6.417609e-48
9.993900e+02 6.436369e-48
1.001700e+03 6.457189e-48
1.004000e+03 6.478552e-48
1.006300e+03 6.499950e-48
1.008600e+03 6.521894e-48
1.011000e+03 6.543364e-48
1.013300e+03 6.565381e-48
1.015600e+03 6.587436e-48
1.018000e+03 6.610041e-48
1.020300e+03 6.632170e-48
1.022700e+03 6.654852e-48
1.025000e+03 6.677056e-48
1.027400e+03 6.699815e-48
1.029800e+03 6.722612e-48
1.032100e+03 6.745448e-48
1.034500e+03 6.768843e-48
1.036900e+03 6.791757e-48
1.039300e+03 6.815232e-48
1.041700e+03 6.838225e-48
1.044100e+03 6.861780e-48
1.046500e+03 6.885376e-48
1.048900e+03 6.909012e-48
1.051300e+03 6.933216e-48
1.053800e+03 6.956934e-48
1.056200e+03 6.981221e-48
1.058600e+03 7.005021e-48
1.061100e+03 7.029392e-48
1.063500e+03 7.053805e-48
1.066000e+03 7.078260e-48
1.068400e+03 7.103291e-48
1.070900e+03 7.127832e-48
1.073400e+03 7.152950e-48
1.075800e+03 7.177577e-48
1.078300e+03 7.202782e-48
1.080800e+03 7.228032e-48
1.083300e+03 7.253326e-48
1.085800e+03 7.279204e-48
1.088300e+03 7.304587e-48
1.090800e+03 7.330556e-48
1.093300e+03 7.356029e-48
1.095800e+03 7.382089e-48
1.098400e+03 7.408195e-48
1.100900e+03 7.434893e-48
1.103400e+03 7.461092e-48
1.106000e+03 7.487338e-48
1.108500e+03 7.514177e-48
1.111100e+03 7.541065e-48
1.113700e+03 7.568001e-48
1.116200e+03 7.594985e-48
1.118800e+03 7.622017e-48
1.121400e+03 7.649096e-48
1.124000e+03 7.676778e-48
1.126600e+03 7.703955e-48
1.129200e+03 7.731736e-48
1.131800e+03 7.759567e-48
1.134400e+03 7.787448e-48
1.137000e+03 7.815938e-48
1.139600e+03 7.843920e-48
1.142200e+03 7.871952e-48
1.144900e+03 7.900597e-48
1.147500e+03 7.929293e-48
1.150200e+03 7.958041e-48
1.152800e+03 7.986841e-48
1.155500e+03 8.016260e-48
1.158100e+03 8.045165e-48
1.160800e+03 8.074691e-48
1.163500e+03 8.103701e-48
1.166200e+03 8.133334e-48
1.168900e+03 8.163592e-48
1.171500e+03 8.193334e-48
1.174200e+03 8.223130e-48
1.177000e+03 8.253554e-48
1.179700e+03 8.283460e-48
1.182400e+03 8.313996e-48
1.185100e+03 8.344588e-48
1.187900e+03 8.375815e-48
1.190600e+03 8.406520e-48
1.193300e+03 8.437282e-48
1.196100e+03 8.468682e-48
1.198800e+03 8.500140e-48
1.201600e+03 8.531657e-48
1.204400e+03 8.563232e-48
1.207200e+03 8.594865e-48
1.209900e+03 8.627144e-48
1.212700e+03 8.658895e-48
1.215500e+03 8.691294e-48
1.218300e+03 8.723753e-48
1.221100e+03 8.756273e-48
1.224000e+03 8.788853e-48
1.226800e+03 8.822088e-48
1.229600e+03 8.854790e-48
1.232400e+03 8.888150e-48
1.235300e+03 8.921572e-48
1.238100e+03 8.955056e-48
1.241000e+03 8.988604e-48
1.243900e+03 9.022214e-48
1.246700e+03 9.056488e-48
1.249600e+03 9.090828e-48
1.252500e+03 9.125233e-48
1.255400e+03 9.159702e-48
1.258300e+03 9.194237e-48
1.261200e+03 9.228836e-48
1.264100e+03 9.264110e-48
1.267000e+03 9.298840e-48
1.269900e+03 9.334247e-48
1.272800e+03 9.369721e-48
1.275800e+03 9.405262e-48
1.278700e+03 9.441485e-48
1.281700e+03 9.477162e-48
1.284600e+03 9.513523e-48
1.287600e+03 9.549954e-48
1.290500e+03 9.586454e-48
1.293500e+03 9.623024e-48
1.296500e+03 9.659664e-48
1.299500e+03 9.696996e-48
1.302500e+03 9.733776e-48
1.305500e+03 9.771251e-48
1.308500e+03 9.808798e-48
1.311500e+03 9.846416e-48
1.314500e+03 9.884736e-48
1.317600e+03 9.922500e-48
1.320600e+03 9.960967e-48
1.323700e+03 9.999509e-48
1.326700e+03 1.003812e-47
1.329800e+03 1.007682e-47
1.332800e+03 1.011622e-47
1.335900e+03 1.015506e-47
1.339000e+03 1.019461e-47
1.342100e+03 1.023424e-47
1.345200e+03 1.027395e-47
1.348300e+03 1.031373e-47
1.351400e+03 1.035424e-47
1.354500e+03 1.039418e-47
1.357600e+03 1.043484e-47
1.360800e+03 1.047558e-47
1.363900e+03 1.051640e-47
1.367000e+03 1.055730e-47
1.370200e+03 1.059893e-47
1.373400e+03 1.063999e-47
1.376500e+03 1.068178e-47
1.379700e+03 1.072366e-47
1.382900e+03 1.076562e-47
1.386100e+03 1.080831e-47
1.389300e+03 1.085044e-47
1.392500e+03 1.089330e-47
1.395700e+03 1.093625e-47
1.398900e+03 1.097928e-47
1.402100e+03 1.102240e-47
1.405400e+03 1.106627e-47
1.408600e+03 1.110956e-47
1.411800e+03 1.115360e-47
1.415100e+03 1.119772e-47
1.418400e+03 1.124194e-47
1.421600e+03 1.128691e-47
1.424900e+03 1.133130e-47
1.428200e+03 1.137645e-47
1.431500e+03 1.142170e-47
1.434800e+03 1.146703e-47
1.438100e+03 1.151245e-47
1.441400e+03 1.155796e-47
1.444700e+03 1.160424e-47
1.448100e+03 1.165062e-47
1.451400e+03 1.169708e-47
1.454800e+03 1.174364e-47
1.458100e+03 1.179030e-47
1.461500e+03 1.183773e-47
1.464800e+03 1.188526e-47
1.468200e+03 1.193288e-47
1.471600e+03 1.198060e-47
1.475000e+03 1.202841e-47
1.478400e+03 1.207702e-47
1.481800e+03 1.212572e-47
1.485200e+03 1.217521e-47
1.488700e+03 1.227802e-47
1.492100e+03 1.227451e-47
1.495500e+03 1.232150e-47
1.499000e+03 1.237070e-47
1.502400e+03 1.242069e-47
1.505900e+03 1.247079e-47
1.509400e+03 1.252098e-47
1.512900e+03 1.257199e-47
1.516300e+03 1.262239e-47
1.519800e+03 1.267360e-47
1.523300e+03 1.272492e-47
1.526900e+03 1.277634e-47
1.530400e+03 1.282786e-47
1.533900e+03 1.288020e-47
1.537400e+03 1.293194e-47
1.541000e+03 1.298449e-47
1.544500e+03 1.303788e-47
1.548100e+03 1.309065e-47
1.551700e+03 1.314353e-47
1.555300e+03 1.319724e-47
1.558800e+03 1.325106e-47
1.562400e+03 1.330499e-47
1.566000e+03 1.335902e-47
1.569600e+03 1.341391e-47
1.573300e+03 1.346817e-47
1.576900e+03 1.352327e-47
1.580500e+03 1.357849e-47
1.584200e+03 1.363456e-47
1.587800e+03 1.369000e-47
1.591500e+03 1.374630e-47
1.595200e+03 1.380271e-47
1.598800e+03 1.385924e-47
1.602500e+03 1.391588e-47
1.606200e+03 1.397339e-47
1.609900e+03 1.403027e-47
1.613600e+03 1.408801e-47
1.617400e+03 1.414587e-47
1.621100e+03 1.420385e-47
1.624800e+03 1.426271e-47
1.628600e+03 1.432168e-47
1.632300e+03 1.438078e-47
1.636100e+03 1.444000e-47
1.639900e+03 1.449934e-47
1.643600e+03 1.455880e-47
1.647400e+03 1.461915e-47
1.651200e+03 1.467963e-47
1.655000e+03 1.474022e-47
1.658900e+03 1.480172e-47
1.662700e+03 1.486257e-47
1.666500e+03 1.492431e-47
1.670400e+03 1.498619e-47
1.674200e+03 1.504819e-47
1.678100e+03 1.511032e-47
1.681900e+03 1.517336e-47
1.685800e+03 1.523653e-47
1.689700e+03 1.529983e-47
1.693600e+03 1.536326e-47
1.697500e+03 1.542683e-47
1.701400e+03 1.549131e-47
1.705400e+03 1.555592e-47
1.709300e+03 1.562068e-47
1.713200e+03 1.568556e-47
1.717200e+03 1.575137e-47
1.721100e+03 1.581732e-47
1.725100e+03 1.588262e-47
1.729100e+03 1.594964e-47
1.733100e+03 1.601600e-47
1.737100e+03 1.608331e-47
1.741100e+03 1.614995e-47
1.745100e+03 1.621753e-47
1.749100e+03 1.628607e-47
1.753100e+03 1.635394e-47
1.757200e+03 1.642276e-47
1.761200e+03 1.649172e-47
1.765300e+03 1.656083e-47
1.769400e+03 1.663008e-47
1.773500e+03 1.670030e-47
1.777500e+03 1.676984e-47
1.781600e+03 1.684035e-47
1.785800e+03 1.691101e-47
1.789900e+03 1.698264e-47
1.794000e+03 1.705442e-47
1.798100e+03 1.712553e-47
1.802300e+03 1.719761e-47
1.806400e+03 1.727067e-47
1.810600e+03 1.734306e-47
1.814800e+03 1.741643e-47
1.819000e+03 1.748996e-47
1.823200e+03 1.756364e-47
1.827400e+03 1.763832e-47
1.831600e+03 1.771231e-47
1.835800e+03 1.778731e-47
1.840000e+03 1.786246e-47
1.844300e+03 1.793861e-47
1.848500e+03 1.801408e-47
1.852800e+03 1.809056e-47
1.857100e+03 1.816720e-47
1.861300e+03 1.824400e-47
1.865600e+03 1.832182e-47
1.869900e+03 1.839981e-47
1.874300e+03 1.847710e-47
1.878600e+03 1.855628e-47
1.882900e+03 1.863476e-47
1.887200e+03 1.871428e-47
1.891600e+03 1.879396e-47
1.896000e+03 1.887381e-47
1.900300e+03 1.895383e-47
1.904700e+03 1.903490e-47
1.909100e+03 1.911526e-47
1.913500e+03 1.919754e-47
1.917900e+03 1.927912e-47
1.922300e+03 1.936088e-47
1.926800e+03 1.944369e-47
1.931200e+03 1.952668e-47
1.935700e+03 1.960984e-47
1.940100e+03 1.969407e-47
1.944600e+03 1.977759e-47
1.949100e+03 1.986217e-47
1.953600e+03 1.994784e-47
1.958100e+03 2.003279e-47
1.962600e+03 2.011881e-47
1.967100e+03 2.020503e-47
1.971700e+03 2.029142e-47
1.976200e+03 2.037800e-47
1.980800e+03 2.046567e-47
1.985300e+03 2.063249e-47
1.989900e+03 2.064157e-47
1.994500e+03 2.072981e-47
1.999100e+03 2.081914e-47
2.003700e+03 2.090867e-47
2.008300e+03 2.099839e-47
2.013000e+03 2.108830e-47
2.017600e+03 2.117932e-47
2.022300e+03 2.127054e-47
2.026900e+03 2.136196e-47
2.031600e+03 2.145357e-47
2.036300e+03 2.154631e-47
2.041000e+03 2.163831e-47
2.045700e+03 2.173238e-47
2.050400e+03 2.182572e-47
2.055100e+03 2.191925e-47
2.059900e+03 2.201393e-47
2.064600e+03 2.210880e-47
2.069400e+03 2.220483e-47
2.074200e+03 2.230012e-47
2.078900e+03 2.239656e-47
2.083700e+03 2.249320e-47
2.088500e+03 2.259101e-47
2.093400e+03 2.268807e-47
2.098200e+03 2.278630e-47
2.103000e+03 2.288474e-47
2.107900e+03 2.298435e-47
2.112700e+03 2.308322e-47
2.117600e+03 2.318326e-47
2.122500e+03 2.328352e-47
2.127400e+03 2.338496e-47
2.132300e+03 2.348662e-47
2.137200e+03 2.358753e-47
2.142100e+03 2.369061e-47
2.147100e+03 2.379293e-47
2.152000e+03 2.389645e-47
2.157000e+03 2.400020e-47
2.162000e+03 2.410417e-47
2.167000e+03 2.420935e-47
2.171900e+03 2.431377e-47
2.177000e+03 2.441941e-47
2.182000e+03 2.452627e-47
2.187000e+03 2.463236e-47
2.192100e+03 2.473968e-47
2.197100e+03 2.484723e-47
2.202200e+03 2.495602e-47
2.207300e+03 2.506404e-47
2.212300e+03 2.517330e-47
2.217400e+03 2.528280e-47
2.222600e+03 2.539354e-47
2.227700e+03 2.550452e-47
2.232800e+03 2.561575e-47
2.238000e+03 2.572721e-47
2.243100e+03 2.583892e-47
2.248300e+03 2.595189e-47
2.253500e+03 2.606511e-47
2.258700e+03 2.617960e-47
2.263900e+03 2.629331e-47
2.269100e+03 2.640829e-47
2.274300e+03 2.652353e-47
2.279600e+03 2.664005e-47
2.284800e+03 2.675683e-47
2.290100e+03 2.687386e-47
2.295400e+03 2.699114e-47
2.300700e+03 2.710972e-47
2.306000e+03 2.722752e-47
2.311300e+03 2.734767e-47
2.316600e+03 2.746703e-47
2.322000e+03 2.758771e-47
2.327300e+03 2.770864e-47
2.332700e+03 2.782985e-47
2.338100e+03 2.795237e-47
2.343500e+03 2.807410e-47
2.348900e+03 2.819716e-47
2.354300e+03 2.832156e-47
2.359700e+03 2.844622e-47
2.365200e+03 2.857116e-47
2.370600e+03 2.869638e-47
2.376100e+03 2.882187e-47
2.381600e+03 2.894870e-47
2.387100e+03 2.907582e-47
2.392600e+03 2.920430e-47
2.398100e+03 2.933197e-47
2.403600e+03 2.946101e-47
2.409200e+03 2.959142e-47
2.414700e+03 2.972103e-47
2.420300e+03 2.985202e-47
2.425900e+03 2.998329e-47
2.431500e+03 3.011595e-47
2.437100e+03 3.024780e-47
2.442700e+03 3.038214e-47
2.448300e+03 3.051568e-47
2.454000e+03 3.065062e-47
2.459600e+03 3.078474e-47
2.465300e+03 3.092138e-47
2.471000e+03 3.105721e-47
2.476700e+03 3.119446e-47
2.482400e+03 3.137904e-47
2.488100e+03 3.147098e-47
2.493800e+03 3.160913e-47
2.499600e+03 3.174872e-47
2.505400e+03 3.188974e-47
2.511100e+03 3.202994e-47
2.516900e+03 3.217158e-47
2.522700e+03 3.231468e-47
2.528500e+03 3.245695e-47
2.534400e+03 3.260067e-47
2.540200e+03 3.274472e-47
2.546100e+03 3.289022e-47
2.552000e+03 3.303491e-47
2.557800e+03 3.318106e-47
2.563700e+03 3.332868e-47
2.569600e+03 3.347548e-47
2.575600e+03 3.362492e-47
2.581500e+03 3.377353e-47
2.587500e+03 3.392247e-47
2.593400e+03 3.407290e-47
2.599400e+03 3.422484e-47
2.605400e+03 3.437594e-47
2.611400e+03 3.452855e-47
2.617400e+03 3.468150e-47
2.623500e+03 3.483596e-47
2.629500e+03 3.499077e-47
2.635600e+03 3.514593e-47
2.641700e+03 3.530142e-47
2.647800e+03 3.545845e-47
2.653900e+03 3.561583e-47
2.660000e+03 3.577475e-47
2.666100e+03 3.593283e-47
2.672300e+03 3.609246e-47
2.678400e+03 3.625365e-47
2.684600e+03 3.641519e-47
2.690800e+03 3.657709e-47
2.697000e+03 3.673936e-47
2.703200e+03 3.690320e-47
2.709500e+03 3.706740e-47
2.715700e+03 3.723196e-47
2.722000e+03 3.739812e-47
2.728200e+03 3.756464e-47
2.734500e+03 3.773153e-47
2.740800e+03 3.790003e-47
2.747200e+03 3.806890e-47
2.753500e+03 3.823815e-47
2.759800e+03 3.840901e-47
2.766200e+03 3.858025e-47
2.772600e+03 3.875187e-47
2.779000e+03 3.892512e-47
2.785400e+03 3.909876e-47
2.791800e+03 3.927278e-47
2.798200e+03 3.944719e-47
2.804700e+03 3.962325e-47
2.811200e+03 3.980096e-47
2.817600e+03 3.997780e-47
2.824100e+03 4.015630e-47
2.830700e+03 4.033647e-47
2.837200e+03 4.051577e-47
2.843700e+03 4.069802e-47
2.850300e+03 4.087940e-47
2.856900e+03 4.106246e-47
2.863400e+03 4.124594e-47
2.870100e+03 4.142982e-47
2.876700e+03 4.161540e-47
2.883300e+03 4.180140e-47
2.890000e+03 4.198781e-47
2.896600e+03 4.217593e-47
2.903300e+03 4.236448e-47
2.910000e+03 4.255475e-47
2.916700e+03 4.274544e-47
2.923400e+03 4.293657e-47
2.930200e+03 4.312812e-47
2.936900e+03 4.332141e-47
2.943700e+03 4.351513e-47
2.950500e+03 4.371061e-47
2.957300e+03 4.390653e-47
2.964100e+03 4.410288e-47
2.970900e+03 4.430100e-47
2.977800e+03 4.450624e-47
2.984700e+03 4.469858e-47
2.991500e+03 4.489938e-47
2.998400e+03 4.510063e-47
3.005400e+03 4.530232e-47
3.012300e+03 4.550582e-47
3.019200e+03 4.570977e-47
3.026200e+03 4.591553e-47
3.033200e+03 4.612176e-47
3.040200e+03 4.632844e-47
3.047200e+03 4.653696e-47
3.054200e+03 4.674594e-47
3.061300e+03 4.695539e-47
3.068300e+03 4.716668e-47
3.075400e+03 4.737844e-47
3.082500e+03 4.759068e-47
3.089600e+03 4.780478e-47
3.096700e+03 4.801936e-47
3.103900e+03 4.823580e-47
3.111000e+03 4.845274e-47
3.118200e+03 4.867016e-47
3.125400e+03 4.888946e-47
3.132600e+03 4.910926e-47
3.139800e+03 4.932955e-47
3.147000e+03 4.955174e-47
3.154300e+03 4.977444e-47
3.161600e+03 4.999904e-47
3.168900e+03 5.022415e-47
3.176200e+03 5.044977e-47
3.183500e+03 5.067731e-47
3.190800e+03 5.090537e-47
3.198200e+03 5.113537e-47
3.205600e+03 5.136446e-47
3.213000e+03 5.159693e-47
3.220400e+03 5.182848e-47
3.227800e+03 5.206200e-47
3.235200e+03 5.229748e-47
3.242700e+03 5.253205e-47
3.250200e+03 5.277005e-47
3.257700e+03 5.300714e-47
3.265200e+03 5.324621e-47
3.272700e+03 5.348728e-47
3.280300e+03 5.372743e-47
3.287800e+03 5.396959e-47
3.295400e+03 5.421377e-47
3.303000e+03 5.445850e-47
3.310600e+03 5.470377e-47
3.318300e+03 5.495109e-47
3.325900e+03 5.519896e-47
3.333600e+03 5.544887e-47
3.341300e+03 5.569786e-47
3.349000e+03 5.595040e-47
3.356700e+03 5.620201e-47
3.364400e+03 5.645719e-47
3.372200e+03 5.671144e-47
3.380000e+03 5.696778e-47
3.387800e+03 5.722469e-47
3.395600e+03 5.748369e-47
3.403400e+03 5.774328e-47
3.411300e+03 5.800498e-47
3.419100e+03 5.826727e-47
3.427000e+03 5.853015e-47
3.434900e+03 5.879516e-47
3.442800e+03 5.906076e-47
3.450800e+03 5.932851e-47
3.458700e+03 5.959686e-47
3.466700e+03 5.986581e-47
3.474700e+03 6.155030e-47
3.482700e+03 6.040865e-47
3.490700e+03 6.068254e-47
3.498800e+03 6.095706e-47
3.506900e+03 6.123219e-47
3.514900e+03 6.150951e-47
3.523100e+03 6.178903e-47
3.531200e+03 6.206919e-47
3.539300e+03 6.234997e-47
3.547500e+03 6.263140e-47
3.555700e+03 6.291504e-47
3.563900e+03 6.320091e-47
3.572100e+03 6.348743e-47
3.580300e+03 6.377460e-47
3.588600e+03 6.406402e-47
3.596800e+03 6.435409e-47
3.605100e+03 6.464642e-47
3.613500e+03 6.493942e-47
3.621800e+03 6.523308e-47
3.630100e+03 6.552903e-47
3.638500e+03 6.582564e-47
3.646900e+03 6.612454e-47
3.655300e+03 6.642413e-47
3.663700e+03 6.672603e-47
3.672200e+03 6.702861e-47
3.680700e+03 6.733351e-47
3.689100e+03 6.763911e-47
3.697700e+03 6.794540e-47
3.706200e+03 6.825403e-47
3.714700e+03 6.856337e-47
3.723300e+03 6.887506e-47
3.731900e+03 6.918746e-47
3.740500e+03 6.950223e-47
3.749100e+03 6.981772e-47
3.757800e+03 7.013393e-47
3.766400e+03 7.045252e-47
3.775100e+03 7.077352e-47
3.783800e+03 7.109525e-47
3.792500e+03 7.141771e-47
3.801300e+03 7.174259e-47
3.810000e+03 7.206821e-47
3.818800e+03 7.239627e-47
3.827600e+03 7.272508e-47
3.836500e+03 7.305463e-47
3.845300e+03 7.338664e-47
3.854200e+03 7.372111e-47
3.863100e+03 7.405635e-47
3.872000e+03 7.439235e-47
3.880900e+03 7.473084e-47
3.889900e+03 7.507183e-47
3.898800e+03 7.541359e-47
3.907800e+03 7.575613e-47
3.916800e+03 7.610120e-47
3.925900e+03 7.644704e-47
3.934900e+03 7.679543e-47
3.944000e+03 7.714460e-47
3.953100e+03 7.749633e-47
3.962200e+03 7.784886e-47
3.971300e+03 7.821457e-47
3.980500e+03 7.855809e-47
3.989700e+03 7.891657e-47
3.998900e+03 7.927587e-47
4.008100e+03 7.963599e-47
4.017300e+03 7.999871e-47
4.026600e+03 8.036405e-47
4.035900e+03 8.073022e-47
4.045200e+03 8.109723e-47
4.054500e+03 8.146687e-47
4.063900e+03 8.183916e-47
4.073200e+03 8.221230e-47
4.082600e+03 8.258629e-47
4.092100e+03 8.296295e-47
4.101500e+03 8.334047e-47
4.110900e+03 8.372067e-47
4.120400e+03 8.410174e-47
4.129900e+03 8.448551e-47
4.139500e+03 8.487200e-47
4.149000e+03 8.525752e-47
4.158600e+03 8.564762e-47
4.168200e+03 8.603676e-47
4.177800e+03 8.643049e-47
4.187400e+03 8.682512e-47
4.197100e+03 8.722066e-47
4.206700e+03 8.761896e-47
4.216400e+03 8.801817e-47
4.226200e+03 8.842017e-47
4.235900e+03 8.882309e-47
4.245700e+03 8.922881e-47
4.255500e+03 8.963545e-47
4.265300e+03 9.004492e-47
4.275100e+03 9.045722e-47
4.285000e+03 9.087046e-47
4.294800e+03 9.128465e-47
4.304800e+03 9.170169e-47
4.314700e+03 9.211968e-47
4.324600e+03 9.254055e-47
4.334600e+03 9.296431e-47
4.344600e+03 9.338903e-47
4.354600e+03 9.381472e-47
4.364700e+03 9.424332e-47
4.374700e+03 9.467485e-47
4.384800e+03 9.510736e-47
4.394900e+03 9.554085e-47
4.405100e+03 9.597729e-47
4.415200e+03 9.641669e-47
4.425400e+03 9.685709e-47
4.435600e+03 9.730047e-47
4.445800e+03 9.774486e-47
4.456100e+03 9.819224e-47
4.466400e+03 9.864264e-47
4.476700e+03 9.909207e-47
4.487000e+03 9.954452e-47
4.497300e+03 1.000000e-46
4.507700e+03 1.004605e-46
4.518100e+03 1.009221e-46
4.528500e+03 1.013848e-46
4.539000e+03 1.018485e-46
4.549400e+03 1.023132e-46
4.559900e+03 1.027790e-46
4.570400e+03 1.032459e-46
4.581000e+03 1.037139e-46
4.591500e+03 1.042033e-46
4.602100e+03 1.046734e-46
4.612700e+03 1.051445e-46
4.623400e+03 1.056373e-46
4.634000e+03 1.061106e-46
4.644700e+03 1.066056e-46
4.655400e+03 1.070811e-46
4.666200e+03 1.075784e-46
4.676900e+03 1.080768e-46
4.687700e+03 1.085764e-46
4.698500e+03 1.090562e-46
4.709400e+03 1.095581e-46
4.720200e+03 1.100611e-46
4.731100e+03 1.105652e-46
4.742000e+03 1.110705e-46
4.752900e+03 1.115770e-46
4.763900e+03 1.121057e-46
4.774900e+03 1.126145e-46
4.785900e+03 1.131245e-46
4.796900e+03 1.136356e-46
4.808000e+03 1.141692e-46
4.819100e+03 1.146827e-46
4.830200e+03 1.152188e-46
4.841300e+03 1.157346e-46
4.852500e+03 1.162731e-46
4.863700e+03 1.168129e-46
4.874900e+03 1.173539e-46
4.886100e+03 1.178744e-46
4.897400e+03 1.184179e-46
4.908700e+03 1.189626e-46
4.920000e+03 1.195086e-46
4.931400e+03 1.200558e-46
4.942700e+03 1.206043e-46
4.954100e+03 1.211540e-46
4.965600e+03 1.217271e-46
4.977000e+03 1.222794e-46
4.988500e+03 1.228329e-46
5.000000e+03 1.234099e-46
