1.000000e+01 1.210671e-44
1.002306e+01 1.185798e-44
1.004617e+01 1.161753e-44
1.006934e+01 1.138478e-44
1.009256e+01 1.115918e-44
1.011583e+01 1.094027e-44
1.013916e+01 1.072764e-44
1.016254e+01 1.052091e-44
1.018598e+01 1.031975e-44
1.020946e+01 1.012387e-44
1.023301e+01 9.932996e-45
1.025661e+01 9.746885e-45
1.028026e+01 9.565313e-45
1.030396e+01 9.388078e-45
1.032772e+01 9.214992e-45
1.035154e+01 9.045885e-45
1.037541e+01 8.880599e-45
1.039934e+01 8.718987e-45
1.042332e+01 8.560915e-45
1.044735e+01 8.406271e-45
1.047145e+01 8.254952e-45
1.049559e+01 8.106860e-45
1.051980e+01 7.961907e-45
1.054406e+01 7.820008e-45
1.056837e+01 7.681083e-45
1.059274e+01 7.545058e-45
1.061717e+01 7.411861e-45
1.064165e+01 7.281412e-45
1.066619e+01 7.153628e-45
1.069079e+01 7.028430e-45
1.071544e+01 6.905744e-45
1.074015e+01 6.785496e-45
1.076492e+01 6.667619e-45
1.078974e+01 6.552046e-45
1.081462e+01 6.438714e-45
1.083956e+01 6.327563e-45
1.086456e+01 6.218537e-45
1.088961e+01 6.111580e-45
1.091472e+01 6.006639e-45
1.093989e+01 5.903665e-45
1.096512e+01 5.802607e-45
1.099040e+01 5.703419e-45
1.101575e+01 5.606055e-45
1.104115e+01 5.510480e-45
1.106661e+01 5.416666e-45
1.109213e+01 5.324586e-45
1.111771e+01 5.234212e-45
1.114335e+01 5.145520e-45
1.116904e+01 5.058484e-45
1.119480e+01 4.973078e-45
1.122062e+01 4.889280e-45
1.124649e+01 4.807081e-45
1.127243e+01 4.726473e-45
1.129842e+01 4.647453e-45
1.132447e+01 4.570014e-45
1.135059e+01 4.494151e-45
1.137676e+01 4.419858e-45
1.140300e+01 4.347130e-45
1.142929e+01 4.275947e-45
1.145565e+01 4.206254e-45
1.148207e+01 4.137990e-45
1.150854e+01 4.071098e-45
1.153508e+01 4.005519e-45
1.156168e+01 3.941200e-45
1.158834e+01 3.878085e-45
1.161507e+01 3.816122e-45
1.164185e+01 3.755277e-45
1.166870e+01 3.695528e-45
1.169561e+01 3.636855e-45
1.172258e+01 3.579238e-45
1.174961e+01 3.522658e-45
1.177670e+01 3.467096e-45
1.180386e+01 3.412533e-45
1.183108e+01 3.358948e-45
1.185836e+01 3.306311e-45
1.188571e+01 3.254591e-45
1.191311e+01 3.203760e-45
1.194059e+01 3.153788e-45
1.196812e+01 3.104646e-45
1.199572e+01 3.056307e-45
1.202338e+01 3.008745e-45
1.205111e+01 2.961955e-45
1.207890e+01 2.915933e-45
1.210675e+01 2.870680e-45
1.213467e+01 2.826195e-45
1.216265e+01 2.782475e-45
1.219070e+01 2.739521e-45
1.221881e+01 2.697331e-45
1.224699e+01 2.655901e-45
1.227523e+01 2.615223e-45
1.230354e+01 2.575290e-45
1.233191e+01 2.536096e-45
1.236035e+01 2.497635e-45
1.238885e+01 2.459901e-45
1.241742e+01 2.422885e-45
1.244605e+01 2.386572e-45
1.247476e+01 2.350935e-45
1.250352e+01 2.315949e-45
1.253236e+01 2.281590e-45
1.256125e+01 2.247834e-45
1.259022e+01 2.214657e-45
1.261925e+01 2.182036e-45
1.264835e+01 2.149951e-45
1.267752e+01 2.118386e-45
1.270676e+01 2.087323e-45
1.273606e+01 2.056747e-45
1.276543e+01 2.026641e-45
1.279486e+01 1.996989e-45
1.282437e+01 1.967777e-45
1.285394e+01 1.938989e-45
1.288358e+01 1.910612e-45
1.291329e+01 1.882632e-45
1.294307e+01 1.855037e-45
1.297292e+01 1.827814e-45
1.300283e+01 1.800950e-45
1.303282e+01 1.774432e-45
1.306287e+01 1.748242e-45
1.309300e+01 1.722363e-45
1.312319e+01 1.696775e-45
1.315345e+01 1.671464e-45
1.318378e+01 1.646413e-45
1.321418e+01 1.621606e-45
1.324466e+01 1.597045e-45
1.327520e+01 1.572748e-45
1.330581e+01 1.548731e-45
1.333649e+01 1.525012e-45
1.336725e+01 1.501607e-45
1.339807e+01 1.478532e-45
1.342897e+01 1.455799e-45
1.345994e+01 1.433412e-45
1.349098e+01 1.411370e-45
1.352209e+01 1.389672e-45
1.355327e+01 1.368318e-45
1.358452e+01 1.347308e-45
1.361585e+01 1.326639e-45
1.364725e+01 1.306309e-45
1.367872e+01 1.286310e-45
1.371026e+01 1.266637e-45
1.374188e+01 1.247282e-45
1.377356e+01 1.228240e-45
1.380533e+01 1.209504e-45
1.383716e+01 1.191069e-45
1.386907e+01 1.172930e-45
1.390105e+01 1.155084e-45
1.393311e+01 1.137525e-45
1.396524e+01 1.120251e-45
1.399744e+01 1.103256e-45
1.402972e+01 1.086538e-45
1.406207e+01 1.070090e-45
1.409450e+01 1.053908e-45
1.412700e+01 1.037988e-45
1.415958e+01 1.022323e-45
1.419223e+01 1.006911e-45
1.422496e+01 9.917452e-46
1.425776e+01 9.768245e-46
1.429064e+01 9.621467e-46
1.432359e+01 9.477101e-46
1.435662e+01 9.335128e-46
1.438973e+01 9.195530e-46
1.442291e+01 9.058282e-46
1.445617e+01 8.923304e-46
1.448951e+01 8.790484e-46
1.452292e+01 8.659713e-46
1.455641e+01 8.530890e-46
1.458998e+01 8.403914e-46
1.462362e+01 8.278692e-46
1.465735e+01 8.155136e-46
1.469115e+01 8.033161e-46
1.472502e+01 7.912690e-46
1.475898e+01 7.793648e-46
1.479302e+01 7.675966e-46
1.482713e+01 7.559589e-46
1.486132e+01 7.444549e-46
1.489559e+01 7.330904e-46
1.492994e+01 7.218718e-46
1.496437e+01 7.108045e-46
1.499887e+01 6.998936e-46
1.503346e+01 6.891433e-46
1.506813e+01 6.785550e-46
1.510288e+01 6.681292e-46
1.513770e+01 6.578665e-46
1.517261e+01 6.477670e-46
1.520760e+01 6.378310e-46
1.524267e+01 6.280588e-46
1.527782e+01 6.184515e-46
1.531305e+01 6.090099e-46
1.534836e+01 5.997346e-46
1.538376e+01 5.906261e-46
1.541923e+01 5.816843e-46
1.545479e+01 5.729076e-46
1.549043e+01 5.642928e-46
1.552615e+01 5.558369e-46
1.556195e+01 5.475369e-46
1.559784e+01 5.393898e-46
1.563381e+01 5.313939e-46
1.566986e+01 5.235531e-46
1.570599e+01 5.158726e-46
1.574221e+01 5.083567e-46
1.577851e+01 5.010093e-46
1.581490e+01 4.938332e-46
1.585137e+01 4.868241e-46
1.588792e+01 4.799685e-46
1.592456e+01 4.732537e-46
1.596128e+01 4.666674e-46
1.599809e+01 4.601984e-46
1.603498e+01 4.538364e-46
1.607195e+01 4.475741e-46
1.610902e+01 4.414052e-46
1.614616e+01 4.353236e-46
1.618340e+01 4.293240e-46
1.622072e+01 4.234015e-46
1.625812e+01 4.175589e-46
1.629561e+01 4.118047e-46
1.633319e+01 4.061469e-46
1.637085e+01 4.005927e-46
1.640861e+01 3.951484e-46
1.644645e+01 3.898156e-46
1.648437e+01 3.845868e-46
1.652238e+01 3.794541e-46
1.656048e+01 3.744100e-46
1.659867e+01 3.694475e-46
1.663695e+01 3.645612e-46
1.667531e+01 3.597510e-46
1.671377e+01 3.550182e-46
1.675231e+01 3.503639e-46
1.679094e+01 3.457891e-46
1.682966e+01 3.412941e-46
1.686847e+01 3.368749e-46
1.690737e+01 3.325257e-46
1.694636e+01 3.282412e-46
1.698544e+01 3.240164e-46
1.702460e+01 3.198473e-46
1.706386e+01 3.157401e-46
1.710321e+01 3.117078e-46
1.714265e+01 3.077623e-46
1.718218e+01 3.039145e-46
1.722181e+01 3.001748e-46
1.726152e+01 2.965495e-46
1.730132e+01 2.930416e-46
1.734122e+01 2.896552e-46
1.738121e+01 2.863952e-46
1.742129e+01 2.832675e-46
1.746147e+01 2.802659e-46
1.750173e+01 2.773717e-46
1.754209e+01 2.745648e-46
1.758254e+01 2.718230e-46
1.762309e+01 2.691231e-46
1.766373e+01 2.664533e-46
1.770446e+01 2.638130e-46
1.774529e+01 2.612023e-46
1.778621e+01 2.586212e-46
1.782722e+01 2.560698e-46
1.786833e+01 2.535442e-46
1.790954e+01 2.510377e-46
1.795084e+01 2.485432e-46
1.799223e+01 2.460538e-46
1.803372e+01 2.435627e-46
1.807531e+01 2.410643e-46
1.811699e+01 2.385539e-46
1.815877e+01 2.360268e-46
1.820064e+01 2.334787e-46
1.824261e+01 2.309064e-46
1.828468e+01 2.283082e-46
1.832684e+01 2.256835e-46
1.836911e+01 2.230320e-46
1.841147e+01 2.203542e-46
1.845392e+01 2.176532e-46
1.849648e+01 2.149365e-46
1.853913e+01 2.122121e-46
1.858188e+01 2.094876e-46
1.862473e+01 2.067706e-46
1.866768e+01 2.040667e-46
1.871073e+01 2.013804e-46
1.875388e+01 1.987159e-46
1.879712e+01 1.960772e-46
1.884047e+01 1.934688e-46
1.888391e+01 1.908977e-46
1.892746e+01 1.883708e-46
1.897111e+01 1.858940e-46
1.901486e+01 1.834720e-46
1.905870e+01 1.811048e-46
1.910265e+01 1.787865e-46
1.914670e+01 1.765119e-46
1.919086e+01 1.742767e-46
1.923511e+01 1.720797e-46
1.927947e+01 1.699360e-46
1.932393e+01 1.678637e-46
1.936849e+01 1.658762e-46
1.941315e+01 1.639838e-46
1.945792e+01 1.621834e-46
1.950279e+01 1.604533e-46
1.954776e+01 1.587730e-46
1.959284e+01 1.571235e-46
1.963802e+01 1.554888e-46
1.968331e+01 1.538667e-46
1.972869e+01 1.522609e-46
1.977419e+01 1.506745e-46
1.981979e+01 1.491107e-46
1.986549e+01 1.475705e-46
1.991130e+01 1.460528e-46
1.995722e+01 1.445563e-46
2.000324e+01 1.430796e-46
2.004937e+01 1.416218e-46
2.009560e+01 1.401829e-46
2.014194e+01 1.387625e-46
2.018839e+01 1.373609e-46
2.023494e+01 1.359778e-46
2.028161e+01 1.346129e-46
2.032838e+01 1.332660e-46
2.037525e+01 1.319367e-46
2.042224e+01 1.306247e-46
2.046933e+01 1.293296e-46
2.051654e+01 1.280512e-46
2.056385e+01 1.267894e-46
2.061127e+01 1.255438e-46
2.065880e+01 1.243142e-46
2.070644e+01 1.231004e-46
2.075419e+01 1.219020e-46
2.080204e+01 1.207190e-46
2.085001e+01 1.195509e-46
2.089810e+01 1.183977e-46
2.094629e+01 1.172591e-46
2.099459e+01 1.161350e-46
2.104300e+01 1.150251e-46
2.109153e+01 1.139293e-46
2.114016e+01 1.128473e-46
2.118891e+01 1.117790e-46
2.123778e+01 1.107242e-46
2.128675e+01 1.096828e-46
2.133584e+01 1.086544e-46
2.138504e+01 1.076390e-46
2.143435e+01 1.066363e-46
2.148378e+01 1.056461e-46
2.153332e+01 1.046683e-46
2.158298e+01 1.037028e-46
2.163275e+01 1.027492e-46
2.168263e+01 1.018076e-46
2.173263e+01 1.008776e-46
2.178275e+01 9.995911e-47
2.183298e+01 9.905201e-47
2.188333e+01 9.815610e-47
2.193379e+01 9.727124e-47
2.198437e+01 9.639726e-47
2.203507e+01 9.553402e-47
2.208588e+01 9.468136e-47
2.213681e+01 9.383913e-47
2.218786e+01 9.300718e-47
2.223902e+01 9.218538e-47
2.229031e+01 9.137357e-47
2.234171e+01 9.057163e-47
2.239323e+01 8.977942e-47
2.244487e+01 8.899679e-47
2.249663e+01 8.822362e-47
2.254850e+01 8.745976e-47
2.260050e+01 8.670507e-47
2.265262e+01 8.595942e-47
2.270485e+01 8.522271e-47
2.275721e+01 8.449486e-47
2.280969e+01 8.377579e-47
2.286229e+01 8.306535e-47
2.291501e+01 8.236327e-47
2.296785e+01 8.166928e-47
2.302082e+01 8.098312e-47
2.307390e+01 8.030461e-47
2.312711e+01 7.963366e-47
2.318044e+01 7.897018e-47
2.323390e+01 7.831411e-47
2.328747e+01 7.766538e-47
2.334117e+01 7.702395e-47
2.339500e+01 7.638976e-47
2.344895e+01 7.576276e-47
2.350302e+01 7.514291e-47
2.355722e+01 7.453016e-47
2.361154e+01 7.392446e-47
2.366599e+01 7.332575e-47
2.372057e+01 7.273391e-47
2.377527e+01 7.214883e-47
2.383009e+01 7.157041e-47
2.388504e+01 7.099866e-47
2.394012e+01 7.043370e-47
2.399533e+01 6.987563e-47
2.405066e+01 6.932453e-47
2.410612e+01 6.878043e-47
2.416171e+01 6.824337e-47
2.421743e+01 6.771337e-47
2.427328e+01 6.719026e-47
2.432925e+01 6.667358e-47
2.438535e+01 6.616285e-47
2.444159e+01 6.565768e-47
2.449795e+01 6.515793e-47
2.455444e+01 6.466364e-47
2.461106e+01 6.417482e-47
2.466782e+01 6.369147e-47
2.472470e+01 6.321350e-47
2.478172e+01 6.274082e-47
2.483886e+01 6.227334e-47
2.489614e+01 6.181099e-47
2.495355e+01 6.135366e-47
2.501110e+01 6.090129e-47
2.506877e+01 6.045383e-47
2.512658e+01 6.001135e-47
2.518452e+01 5.957392e-47
2.524260e+01 5.914162e-47
2.530081e+01 5.871438e-47
2.535915e+01 5.829210e-47
2.541763e+01 5.787469e-47
2.547624e+01 5.746206e-47
2.553499e+01 5.705411e-47
2.559388e+01 5.665075e-47
2.565290e+01 5.625191e-47
2.571205e+01 5.585749e-47
2.577134e+01 5.546742e-47
2.583077e+01 5.508163e-47
2.589034e+01 5.470002e-47
2.595004e+01 5.432253e-47
2.600988e+01 5.394908e-47
2.606986e+01 5.357960e-47
2.612998e+01 5.321402e-47
2.619023e+01 5.285225e-47
2.625063e+01 5.249425e-47
2.631116e+01 5.213992e-47
2.637184e+01 5.178922e-47
2.643265e+01 5.144206e-47
2.649360e+01 5.109838e-47
2.655470e+01 5.075812e-47
2.661593e+01 5.042122e-47
2.667731e+01 5.008761e-47
2.673883e+01 4.975722e-47
2.680049e+01 4.943001e-47
2.686229e+01 4.910591e-47
2.692424e+01 4.878486e-47
2.698632e+01 4.846681e-47
2.704855e+01 4.815170e-47
2.711093e+01 4.783948e-47
2.717345e+01 4.753011e-47
2.723611e+01 4.722353e-47
2.729892e+01 4.691969e-47
2.736187e+01 4.661856e-47
2.742496e+01 4.632007e-47
2.748821e+01 4.602420e-47
2.755159e+01 4.573096e-47
2.761513e+01 4.544034e-47
2.767881e+01 4.515234e-47
2.774264e+01 4.486696e-47
2.780661e+01 4.458420e-47
2.787073e+01 4.430404e-47
2.793500e+01 4.402649e-47
2.799942e+01 4.375152e-47
2.806399e+01 4.347915e-47
2.812870e+01 4.320934e-47
2.819357e+01 4.294211e-47
2.825858e+01 4.267742e-47
2.832375e+01 4.241527e-47
2.838906e+01 4.215565e-47
2.845453e+01 4.189854e-47
2.852014e+01 4.164393e-47
2.858591e+01 4.139179e-47
2.865183e+01 4.114211e-47
2.871790e+01 4.089488e-47
2.878413e+01 4.065006e-47
2.885050e+01 4.040765e-47
2.891703e+01 4.016761e-47
2.898372e+01 3.992993e-47
2.905055e+01 3.969459e-47
2.911754e+01 3.946157e-47
2.918469e+01 3.923083e-47
2.925199e+01 3.900235e-47
2.931944e+01 3.877612e-47
2.938705e+01 3.855210e-47
2.945482e+01 3.833028e-47
2.952274e+01 3.811062e-47
2.959082e+01 3.789311e-47
2.965906e+01 3.767772e-47
2.972745e+01 3.746442e-47
2.979601e+01 3.725318e-47
2.986472e+01 3.704400e-47
2.993358e+01 3.683683e-47
3.000261e+01 3.663167e-47
3.007180e+01 3.642849e-47
3.014114e+01 3.622724e-47
3.021065e+01 3.602786e-47
3.028032e+01 3.583032e-47
3.035014e+01 3.563459e-47
3.042013e+01 3.544064e-47
3.049028e+01 3.524846e-47
3.056059e+01 3.505802e-47
3.063106e+01 3.486929e-47
3.070170e+01 3.468227e-47
3.077250e+01 3.449692e-47
3.084346e+01 3.431322e-47
3.091458e+01 3.413115e-47
3.098587e+01 3.395070e-47
3.105733e+01 3.377182e-47
3.112894e+01 3.359453e-47
3.120073e+01 3.341880e-47
3.127268e+01 3.324462e-47
3.134479e+01 3.307193e-47
3.141707e+01 3.290069e-47
3.148952e+01 3.273091e-47
3.156214e+01 3.256279e-47
3.163492e+01 3.239652e-47
3.170787e+01 3.223208e-47
3.178099e+01 3.206921e-47
3.185428e+01 3.190763e-47
3.192773e+01 3.174730e-47
3.200136e+01 3.158825e-47
3.207515e+01 3.143052e-47
3.214912e+01 3.127408e-47
3.222325e+01 3.111889e-47
3.229756e+01 3.096492e-47
3.237204e+01 3.081214e-47
3.244669e+01 3.066056e-47
3.252151e+01 3.051014e-47
3.259651e+01 3.036087e-47
3.267167e+01 3.021274e-47
3.274701e+01 3.006571e-47
3.282253e+01 2.991977e-47
3.289822e+01 2.977492e-47
3.297408e+01 2.963115e-47
3.305012e+01 2.948850e-47
3.312633e+01 2.934696e-47
3.320273e+01 2.920654e-47
3.327929e+01 2.906723e-47
3.335603e+01 2.892901e-47
3.343295e+01 2.879190e-47
3.351005e+01 2.865587e-47
3.358732e+01 2.852092e-47
3.366478e+01 2.838706e-47
3.374241e+01 2.825425e-47
3.382022e+01 2.812252e-47
3.389821e+01 2.799183e-47
3.397638e+01 2.786219e-47
3.405473e+01 2.773359e-47
3.413326e+01 2.760603e-47
3.421197e+01 2.747948e-47
3.429086e+01 2.735395e-47
3.436994e+01 2.722943e-47
3.444919e+01 2.710591e-47
3.452863e+01 2.698338e-47
3.460826e+01 2.686184e-47
3.468806e+01 2.674126e-47
3.476805e+01 2.662165e-47
3.484823e+01 2.650300e-47
3.492859e+01 2.638529e-47
3.500914e+01 2.626853e-47
3.508987e+01 2.615269e-47
3.517079e+01 2.603777e-47
3.525189e+01 2.592376e-47
3.533318e+01 2.581066e-47
3.541466e+01 2.569844e-47
3.549632e+01 2.558711e-47
3.557818e+01 2.547666e-47
3.566022e+01 2.536707e-47
3.574246e+01 2.525834e-47
3.582488e+01 2.515045e-47
3.590749e+01 2.504340e-47
3.599029e+01 2.493719e-47
3.607329e+01 2.483180e-47
3.615647e+01 2.472723e-47
3.623985e+01 2.462344e-47
3.632342e+01 2.452043e-47
3.640718e+01 2.441819e-47
3.649114e+01 2.431672e-47
3.657529e+01 2.421601e-47
3.665963e+01 2.411605e-47
3.674417e+01 2.401683e-47
3.682890e+01 2.391833e-47
3.691383e+01 2.382057e-47
3.699895e+01 2.372355e-47
3.708427e+01 2.362730e-47
3.716979e+01 2.353179e-47
3.725550e+01 2.343697e-47
3.734141e+01 2.334284e-47
3.742752e+01 2.324940e-47
3.751383e+01 2.315663e-47
3.760034e+01 2.306454e-47
3.768704e+01 2.297311e-47
3.777395e+01 2.288234e-47
3.786106e+01 2.279223e-47
3.794837e+01 2.270276e-47
3.803587e+01 2.261393e-47
3.812358e+01 2.252573e-47
3.821150e+01 2.243817e-47
3.829961e+01 2.235122e-47
3.838793e+01 2.226490e-47
3.847646e+01 2.217918e-47
3.856518e+01 2.209407e-47
3.865411e+01 2.200956e-47
3.874325e+01 2.192564e-47
3.883259e+01 2.184231e-47
3.892214e+01 2.175956e-47
3.901190e+01 2.167739e-47
3.910186e+01 2.159579e-47
3.919203e+01 2.151476e-47
3.928240e+01 2.143429e-47
3.937299e+01 2.135437e-47
3.946379e+01 2.127501e-47
3.955479e+01 2.119619e-47
3.964600e+01 2.111792e-47
3.973743e+01 2.104018e-47
3.982906e+01 2.096298e-47
3.992091e+01 2.088630e-47
4.001297e+01 2.081014e-47
4.010524e+01 2.073450e-47
4.019772e+01 2.065938e-47
4.029041e+01 2.058476e-47
4.038332e+01 2.051064e-47
4.047645e+01 2.043703e-47
4.056979e+01 2.036391e-47
4.066334e+01 2.029128e-47
4.075711e+01 2.021913e-47
4.085110e+01 2.014747e-47
4.094530e+01 2.007629e-47
4.103972e+01 2.000558e-47
4.113436e+01 1.993533e-47
4.122922e+01 1.986556e-47
4.132429e+01 1.979624e-47
4.141958e+01 1.972738e-47
4.151510e+01 1.965897e-47
4.161083e+01 1.959102e-47
4.170679e+01 1.952351e-47
4.180296e+01 1.945644e-47
4.189936e+01 1.938983e-47
4.199598e+01 1.932365e-47
4.209282e+01 1.925790e-47
4.218989e+01 1.919257e-47
4.228718e+01 1.912767e-47
4.238470e+01 1.906318e-47
4.248244e+01 1.899910e-47
4.258040e+01 1.893543e-47
4.267859e+01 1.887217e-47
4.277701e+01 1.880931e-47
4.287565e+01 1.874685e-47
4.297452e+01 1.868478e-47
4.307362e+01 1.862311e-47
4.317295e+01 1.856182e-47
4.327251e+01 1.850093e-47
4.337230e+01 1.844041e-47
4.347231e+01 1.838027e-47
4.357256e+01 1.832051e-47
4.367304e+01 1.826112e-47
4.377375e+01 1.820210e-47
4.387469e+01 1.814345e-47
4.397587e+01 1.808516e-47
4.407728e+01 1.802724e-47
4.417892e+01 1.796967e-47
4.428079e+01 1.791246e-47
4.438291e+01 1.785560e-47
4.448525e+01 1.779909e-47
4.458784e+01 1.774292e-47
4.469066e+01 1.768710e-47
4.479371e+01 1.763162e-47
4.489701e+01 1.757648e-47
4.500054e+01 1.752168e-47
4.510431e+01 1.746720e-47
4.520832e+01 1.741306e-47
4.531258e+01 1.735924e-47
4.541707e+01 1.730575e-47
4.552180e+01 1.725258e-47
4.562677e+01 1.719973e-47
4.573199e+01 1.714719e-47
4.583745e+01 1.709497e-47
4.594315e+01 1.704306e-47
4.604909e+01 1.699146e-47
4.615528e+01 1.694017e-47
4.626172e+01 1.688918e-47
4.636840e+01 1.683849e-47
4.647532e+01 1.678810e-47
4.658249e+01 1.673800e-47
4.668991e+01 1.668820e-47
4.679758e+01 1.663869e-47
4.690550e+01 1.658948e-47
4.701366e+01 1.654054e-47
4.712208e+01 1.649190e-47
4.723074e+01 1.644353e-47
4.733965e+01 1.639545e-47
4.744882e+01 1.634764e-47
4.755824e+01 1.630011e-47
4.766791e+01 1.625285e-47
4.777783e+01 1.620586e-47
4.788800e+01 1.615914e-47
4.799844e+01 1.611269e-47
4.810912e+01 1.606650e-47
4.822006e+01 1.602058e-47
4.833125e+01 1.597492e-47
4.844271e+01 1.592951e-47
4.855442e+01 1.588436e-47
4.866638e+01 1.583946e-47
4.877861e+01 1.579482e-47
4.889109e+01 1.575043e-47
4.900384e+01 1.570629e-47
4.911684e+01 1.566239e-47
4.923010e+01 1.561873e-47
4.934363e+01 1.557532e-47
4.945741e+01 1.553215e-47
4.957146e+01 1.548922e-47
4.968578e+01 1.544653e-47
4.980035e+01 1.540407e-47
4.991519e+01 1.536184e-47
5.003030e+01 1.531985e-47
5.014567e+01 1.527809e-47
5.026130e+01 1.523655e-47
5.037721e+01 1.519524e-47
5.049338e+01 1.515415e-47
5.060981e+01 1.511329e-47
5.072652e+01 1.507265e-47
5.084350e+01 1.503222e-47
5.096074e+01 1.499202e-47
5.107826e+01 1.495203e-47
5.119604e+01 1.491225e-47
5.131410e+01 1.487269e-47
5.143243e+01 1.483334e-47
5.155104e+01 1.479420e-47
5.166992e+01 1.475527e-47
5.178907e+01 1.471654e-47
5.190849e+01 1.467802e-47
5.202819e+01 1.463970e-47
5.214817e+01 1.460158e-47
5.226843e+01 1.456366e-47
5.238896e+01 1.452594e-47
5.250977e+01 1.448842e-47
5.263085e+01 1.445110e-47
5.275222e+01 1.441396e-47
5.287387e+01 1.437703e-47
5.299580e+01 1.434028e-47
5.311800e+01 1.430372e-47
5.324050e+01 1.426735e-47
5.336327e+01 1.423117e-47
5.348632e+01 1.419518e-47
5.360966e+01 1.415936e-47
5.373329e+01 1.412374e-47
5.385720e+01 1.408829e-47
5.398139e+01 1.405302e-47
5.410587e+01 1.401794e-47
5.423064e+01 1.398303e-47
5.435570e+01 1.394829e-47
5.448104e+01 1.391374e-47
5.460668e+01 1.387935e-47
5.473260e+01 1.384514e-47
5.485881e+01 1.381110e-47
5.498532e+01 1.377723e-47
5.511212e+01 1.374353e-47
5.523920e+01 1.371000e-47
5.536659e+01 1.367663e-47
5.549426e+01 1.364343e-47
5.562223e+01 1.361039e-47
5.575050e+01 1.357752e-47
5.587906e+01 1.354481e-47
5.600792e+01 1.351225e-47
5.613707e+01 1.347986e-47
5.626652e+01 1.344763e-47
5.639628e+01 1.341555e-47
5.652632e+01 1.338363e-47
5.665667e+01 1.335186e-47
5.678733e+01 1.332025e-47
5.691828e+01 1.328879e-47
5.704953e+01 1.325748e-47
5.718109e+01 1.322632e-47
5.731295e+01 1.319531e-47
5.744511e+01 1.316445e-47
5.757758e+01 1.313374e-47
5.771036e+01 1.310317e-47
5.784344e+01 1.307275e-47
5.797682e+01 1.304248e-47
5.811052e+01 1.301234e-47
5.824452e+01 1.298235e-47
5.837883e+01 1.295250e-47
5.851346e+01 1.292279e-47
5.864839e+01 1.289322e-47
5.878363e+01 1.286379e-47
5.891919e+01 1.283450e-47
5.905506e+01 1.280534e-47
5.919124e+01 1.277632e-47
5.932773e+01 1.274743e-47
5.946454e+01 1.271867e-47
5.960167e+01 1.269005e-47
5.973911e+01 1.266157e-47
5.987687e+01 1.263321e-47
6.001495e+01 1.260498e-47
6.015334e+01 1.257688e-47
6.029205e+01 1.254891e-47
6.043109e+01 1.252107e-47
6.057044e+01 1.249335e-47
6.071012e+01 1.246576e-47
6.085012e+01 1.243829e-47
6.099044e+01 1.241095e-47
6.113108e+01 1.238373e-47
6.127205e+01 1.235664e-47
6.141334e+01 1.232966e-47
6.155497e+01 1.230281e-47
6.169691e+01 1.227607e-47
6.183919e+01 1.224946e-47
6.198179e+01 1.222296e-47
6.212472e+01 1.219658e-47
6.226798e+01 1.217032e-47
6.241157e+01 1.214418e-47
6.255549e+01 1.211814e-47
6.269974e+01 1.209223e-47
6.284433e+01 1.206643e-47
6.298925e+01 1.204074e-47
6.313450e+01 1.201516e-47
6.328009e+01 1.198969e-47
6.342601e+01 1.196434e-47
6.357227e+01 1.193909e-47
6.371887e+01 1.191396e-47
6.386581e+01 1.188893e-47
6.401309e+01 1.186401e-47
6.416070e+01 1.183920e-47
6.430866e+01 1.181450e-47
6.445695e+01 1.178990e-47
6.460559e+01 1.176540e-47
6.475457e+01 1.174101e-47
6.490389e+01 1.171673e-47
6.505356e+01 1.169255e-47
6.520358e+01 1.166847e-47
6.535394e+01 1.164449e-47
6.550464e+01 1.162061e-47
6.565570e+01 1.159684e-47
6.580710e+01 1.157316e-47
6.595885e+01 1.154958e-47
6.611095e+01 1.152611e-47
6.626341e+01 1.150273e-47
6.641621e+01 1.147945e-47
6.656937e+01 1.145626e-47
6.672288e+01 1.143317e-47
6.687674e+01 1.141018e-47
6.703096e+01 1.138728e-47
6.718553e+01 1.136448e-47
6.734046e+01 1.134177e-47
6.749575e+01 1.131915e-47
6.765139e+01 1.129663e-47
6.780740e+01 1.127419e-47
6.796376e+01 1.125186e-47
6.812049e+01 1.122961e-47
6.827758e+01 1.120745e-47
6.843502e+01 1.118538e-47
6.859284e+01 1.116340e-47
6.875101e+01 1.114151e-47
6.890955e+01 1.111971e-47
6.906846e+01 1.109800e-47
6.922773e+01 1.107637e-47
6.938737e+01 1.105483e-47
6.954738e+01 1.103338e-47
6.970776e+01 1.101201e-47
6.986850e+01 1.099073e-47
7.002962e+01 1.096953e-47
7.019111e+01 1.094842e-47
7.035297e+01 1.092739e-47
7.051520e+01 1.090644e-47
7.067781e+01 1.088558e-47
7.084079e+01 1.086480e-47
7.100415e+01 1.084410e-47
7.116789e+01 1.082348e-47
7.133200e+01 1.080294e-47
7.149650e+01 1.078248e-47
7.166137e+01 1.076211e-47
7.182662e+01 1.074181e-47
7.199225e+01 1.072159e-47
7.215827e+01 1.070145e-47
7.232466e+01 1.068139e-47
7.249145e+01 1.066140e-47
7.265861e+01 1.064149e-47
7.282616e+01 1.062166e-47
7.299410e+01 1.060191e-47
7.316243e+01 1.058223e-47
7.333114e+01 1.056263e-47
7.350024e+01 1.054310e-47
7.366973e+01 1.052365e-47
7.383962e+01 1.050427e-47
7.400989e+01 1.048496e-47
7.418056e+01 1.046573e-47
7.435162e+01 1.044657e-47
7.452307e+01 1.042749e-47
7.469492e+01 1.040847e-47
7.486717e+01 1.038953e-47
7.503982e+01 1.037066e-47
7.521286e+01 1.035186e-47
7.538630e+01 1.033313e-47
7.556014e+01 1.031447e-47
7.573438e+01 1.029588e-47
7.590903e+01 1.027736e-47
7.608407e+01 1.025891e-47
7.625952e+01 1.024052e-47
7.643538e+01 1.022221e-47
7.661164e+01 1.020396e-47
7.678831e+01 1.018579e-47
7.696538e+01 1.016768e-47
7.714287e+01 1.014963e-47
7.732076e+01 1.013165e-47
7.749906e+01 1.011374e-47
7.767777e+01 1.009589e-47
7.785690e+01 1.007811e-47
7.803644e+01 1.006040e-47
7.821639e+01 1.004275e-47
7.839676e+01 1.002516e-47
7.857754e+01 1.000764e-47
7.875874e+01 9.990183e-48
7.894036e+01 9.972788e-48
7.912240e+01 9.955456e-48
7.930485e+01 9.938188e-48
7.948773e+01 9.920981e-48
7.967103e+01 9.903837e-48
7.985475e+01 9.886755e-48
8.003890e+01 9.869733e-48
8.022347e+01 9.852774e-48
8.040846e+01 9.835876e-48
8.059389e+01 9.819038e-48
8.077974e+01 9.802260e-48
8.096602e+01 9.785542e-48
8.115272e+01 9.768885e-48
8.133986e+01 9.752286e-48
8.152743e+01 9.735747e-48
8.171544e+01 9.719266e-48
8.190387e+01 9.702844e-48
8.209274e+01 9.686480e-48
8.228205e+01 9.670174e-48
8.247179e+01 9.653926e-48
8.266197e+01 9.637735e-48
8.285259e+01 9.621601e-48
8.304365e+01 9.605525e-48
8.323515e+01 9.589504e-48
8.342709e+01 9.573540e-48
8.361947e+01 9.557633e-48
8.381230e+01 9.541780e-48
8.400557e+01 9.525983e-48
8.419929e+01 9.510242e-48
8.439346e+01 9.494556e-48
8.458807e+01 9.478924e-48
8.478313e+01 9.463347e-48
8.497864e+01 9.447824e-48
8.517460e+01 9.432355e-48
8.537101e+01 9.416940e-48
8.556788e+01 9.401578e-48
8.576520e+01 9.386269e-48
8.596298e+01 9.371013e-48
8.616121e+01 9.355810e-48
8.635989e+01 9.340660e-48
8.655904e+01 9.325561e-48
8.675865e+01 9.310515e-48
8.695871e+01 9.295521e-48
8.715924e+01 9.280578e-48
8.736023e+01 9.265686e-48
8.756168e+01 9.250846e-48
8.776360e+01 9.236056e-48
8.796599e+01 9.221317e-48
8.816884e+01 9.206628e-48
8.837215e+01 9.191990e-48
8.857594e+01 9.177401e-48
8.878020e+01 9.162862e-48
8.898493e+01 9.148373e-48
8.919012e+01 9.133933e-48
8.939580e+01 9.119542e-48
8.960195e+01 9.105200e-48
8.980857e+01 9.090906e-48
9.001567e+01 9.076662e-48
9.022324e+01 9.062465e-48
9.043130e+01 9.048317e-48
9.063984e+01 9.034216e-48
9.084885e+01 9.020162e-48
9.105835e+01 9.006157e-48
9.126833e+01 8.992198e-48
9.147880e+01 8.978287e-48
9.168975e+01 8.964422e-48
9.190118e+01 8.950605e-48
9.211311e+01 8.936833e-48
9.232552e+01 8.923108e-48
9.253843e+01 8.909429e-48
9.275182e+01 8.895795e-48
9.296571e+01 8.882208e-48
9.318009e+01 8.868666e-48
9.339496e+01 8.855169e-48
9.361033e+01 8.841718e-48
9.382620e+01 8.828311e-48
9.404256e+01 8.814949e-48
9.425942e+01 8.801632e-48
9.447679e+01 8.788359e-48
9.469465e+01 8.775131e-48
9.491302e+01 8.761946e-48
9.513189e+01 8.748806e-48
9.535126e+01 8.735709e-48
9.557114e+01 8.722656e-48
9.579153e+01 8.709646e-48
9.601243e+01 8.696679e-48
9.623383e+01 8.683756e-48
9.645575e+01 8.670875e-48
9.667817e+01 8.658037e-48
9.690112e+01 8.645242e-48
9.712457e+01 8.632489e-48
9.734854e+01 8.619778e-48
9.757303e+01 8.607110e-48
9.779803e+01 8.594483e-48
9.802355e+01 8.581898e-48
9.824960e+01 8.569355e-48
9.847616e+01 8.556853e-48
9.870325e+01 8.544393e-48
9.893086e+01 8.531973e-48
9.915899e+01 8.519595e-48
9.938765e+01 8.507257e-48
9.961684e+01 8.494960e-48
9.984656e+01 8.482704e-48
1.000768e+02 8.470488e-48
1.003076e+02 8.458313e-48
1.005389e+02 8.446177e-48
1.007707e+02 8.434082e-48
1.010031e+02 8.422027e-48
1.012360e+02 8.410010e-48
1.014695e+02 8.398034e-48
1.017035e+02 8.386097e-48
1.019380e+02 8.374199e-48
1.021731e+02 8.362341e-48
1.024087e+02 8.350522e-48
1.026448e+02 8.338741e-48
1.028815e+02 8.326999e-48
1.031188e+02 8.315296e-48
1.033566e+02 8.303631e-48
1.035949e+02 8.292005e-48
1.038338e+02 8.280417e-48
1.040733e+02 8.268866e-48
1.043132e+02 8.257354e-48
1.045538e+02 8.245880e-48
1.047949e+02 8.234443e-48
1.050366e+02 8.223044e-48
1.052788e+02 8.211683e-48
1.055215e+02 8.200358e-48
1.057649e+02 8.189072e-48
1.060088e+02 8.177822e-48
1.062532e+02 8.166609e-48
1.064982e+02 8.155433e-48
1.067438e+02 8.144294e-48
1.069900e+02 8.133191e-48
1.072367e+02 8.122125e-48
1.074840e+02 8.111095e-48
1.077318e+02 8.100102e-48
1.079803e+02 8.089145e-48
1.082293e+02 8.078224e-48
1.084789e+02 8.067338e-48
1.087290e+02 8.056489e-48
1.089797e+02 8.045675e-48
1.092310e+02 8.034897e-48
1.094829e+02 8.024155e-48
1.097354e+02 8.013447e-48
1.099885e+02 8.002775e-48
1.102421e+02 7.992139e-48
1.104963e+02 7.981538e-48
1.107511e+02 7.970971e-48
1.110065e+02 7.960439e-48
1.112625e+02 7.949942e-48
1.115191e+02 7.939480e-48
1.117762e+02 7.929052e-48
1.120340e+02 7.918659e-48
1.122923e+02 7.908300e-48
1.125513e+02 7.897976e-48
1.128108e+02 7.887685e-48
1.130710e+02 7.877429e-48
1.133317e+02 7.867207e-48
1.135931e+02 7.857018e-48
1.138550e+02 7.846863e-48
1.141175e+02 7.836742e-48
1.143807e+02 7.826655e-48
1.146445e+02 7.816601e-48
1.149088e+02 7.806581e-48
1.151738e+02 7.796594e-48
1.154394e+02 7.786640e-48
1.157056e+02 7.776719e-48
1.159724e+02 7.766832e-48
1.162399e+02 7.756977e-48
1.165079e+02 7.747155e-48
1.167766e+02 7.737366e-48
1.170459e+02 7.727611e-48
1.173158e+02 7.717887e-48
1.175863e+02 7.708196e-48
1.178575e+02 7.698537e-48
1.181292e+02 7.688911e-48
1.184017e+02 7.679317e-48
1.186747e+02 7.669755e-48
1.189484e+02 7.660226e-48
1.192227e+02 7.650728e-48
1.194976e+02 7.641263e-48
1.197731e+02 7.631829e-48
1.200493e+02 7.622427e-48
1.203262e+02 7.613057e-48
1.206037e+02 7.603719e-48
1.208818e+02 7.594412e-48
1.211605e+02 7.585136e-48
1.214399e+02 7.575892e-48
1.217200e+02 7.566680e-48
1.220006e+02 7.557499e-48
1.222820e+02 7.548349e-48
1.225640e+02 7.539229e-48
1.228466e+02 7.530142e-48
1.231299e+02 7.521085e-48
1.234138e+02 7.512059e-48
1.236984e+02 7.503064e-48
1.239837e+02 7.494099e-48
1.242696e+02 7.485166e-48
1.245561e+02 7.476263e-48
1.248434e+02 7.467390e-48
1.251312e+02 7.458548e-48
1.254198e+02 7.449736e-48
1.257090e+02 7.440956e-48
1.259989e+02 7.432205e-48
1.262895e+02 7.423484e-48
1.265807e+02 7.414793e-48
1.268726e+02 7.406133e-48
1.271651e+02 7.397503e-48
1.274584e+02 7.388903e-48
1.277523e+02 7.380332e-48
1.280469e+02 7.371791e-48
1.283422e+02 7.363281e-48
1.286381e+02 7.354800e-48
1.289348e+02 7.346348e-48
1.292321e+02 7.337927e-48
1.295301e+02 7.329534e-48
1.298288e+02 7.321172e-48
1.301282e+02 7.312839e-48
1.304283e+02 7.304535e-48
1.307291e+02 7.296260e-48
1.310305e+02 7.288015e-48
1.313327e+02 7.279799e-48
1.316355e+02 7.271612e-48
1.319391e+02 7.263454e-48
1.322433e+02 7.255325e-48
1.325483e+02 7.247225e-48
1.328539e+02 7.239155e-48
1.331603e+02 7.231113e-48
1.334674e+02 7.223099e-48
1.337751e+02 7.215115e-48
1.340836e+02 7.207159e-48
1.343928e+02 7.199232e-48
1.347028e+02 7.191334e-48
1.350134e+02 7.183465e-48
1.353247e+02 7.175623e-48
1.356368e+02 7.167810e-48
1.359496e+02 7.160026e-48
1.362631e+02 7.152270e-48
1.365773e+02 7.144542e-48
1.368922e+02 7.136843e-48
1.372079e+02 7.129172e-48
1.375243e+02 7.121529e-48
1.378414e+02 7.113914e-48
1.381593e+02 7.106328e-48
1.384779e+02 7.098769e-48
1.387972e+02 7.091238e-48
1.391173e+02 7.083736e-48
1.394381e+02 7.076261e-48
1.397596e+02 7.068814e-48
1.400819e+02 7.061395e-48
1.404050e+02 7.054003e-48
1.407287e+02 7.046640e-48
1.410533e+02 7.039304e-48
1.413785e+02 7.031996e-48
1.417046e+02 7.024716e-48
1.420313e+02 7.017463e-48
1.423588e+02 7.010237e-48
1.426871e+02 7.003040e-48
1.430162e+02 6.995869e-48
1.433460e+02 6.988726e-48
1.436765e+02 6.981611e-48
1.440078e+02 6.974523e-48
1.443399e+02 6.967462e-48
1.446728e+02 6.960428e-48
1.450064e+02 6.953422e-48
1.453408e+02 6.946443e-48
1.456759e+02 6.939491e-48
1.460119e+02 6.932566e-48
1.463486e+02 6.925669e-48
1.466860e+02 6.918798e-48
1.470243e+02 6.911955e-48
1.473633e+02 6.905138e-48
1.477032e+02 6.898349e-48
1.480438e+02 6.891586e-48
1.483852e+02 6.884851e-48
1.487273e+02 6.878142e-48
1.490703e+02 6.871460e-48
1.494141e+02 6.864805e-48
1.497586e+02 6.858177e-48
1.501039e+02 6.851575e-48
1.504501e+02 6.845001e-48
1.507970e+02 6.838453e-48
1.511448e+02 6.831931e-48
1.514933e+02 6.825436e-48
1.518427e+02 6.818968e-48
1.521928e+02 6.812527e-48
1.525438e+02 6.806112e-48
1.528955e+02 6.799723e-48
1.532481e+02 6.793362e-48
1.536015e+02 6.787026e-48
1.539557e+02 6.780718e-48
1.543107e+02 6.774435e-48
1.546666e+02 6.768179e-48
1.550232e+02 6.761949e-48
1.553807e+02 6.755746e-48
1.557390e+02 6.749569e-48
1.560982e+02 6.743419e-48
1.564581e+02 6.737295e-48
1.568189e+02 6.731196e-48
1.571806e+02 6.725124e-48
1.575430e+02 6.719079e-48
1.579063e+02 6.713060e-48
1.582704e+02 6.707067e-48
1.586354e+02 6.701100e-48
1.590012e+02 6.695159e-48
1.593679e+02 6.689245e-48
1.597354e+02 6.683356e-48
1.601037e+02 6.677494e-48
1.604729e+02 6.671658e-48
1.608430e+02 6.665848e-48
1.612139e+02 6.660064e-48
1.615856e+02 6.654306e-48
1.619583e+02 6.648574e-48
1.623317e+02 6.642868e-48
1.627061e+02 6.637188e-48
1.630813e+02 6.631533e-48
1.634574e+02 6.625905e-48
1.638343e+02 6.620303e-48
1.642121e+02 6.614727e-48
1.645908e+02 6.609177e-48
1.649703e+02 6.603653e-48
1.653507e+02 6.598154e-48
1.657320e+02 6.592681e-48
1.661142e+02 6.587235e-48
1.664973e+02 6.581814e-48
1.668812e+02 6.576419e-48
1.672661e+02 6.571049e-48
1.676518e+02 6.565706e-48
1.680384e+02 6.560389e-48
1.684259e+02 6.555097e-48
1.688143e+02 6.549831e-48
1.692036e+02 6.544591e-48
1.695937e+02 6.539377e-48
1.699848e+02 6.534188e-48
1.703768e+02 6.529025e-48
1.707697e+02 6.523888e-48
1.711635e+02 6.518777e-48
1.715582e+02 6.513691e-48
1.719538e+02 6.508631e-48
1.723503e+02 6.503597e-48
1.727478e+02 6.498589e-48
1.731461e+02 6.493606e-48
1.735454e+02 6.488649e-48
1.739456e+02 6.483718e-48
1.743467e+02 6.478812e-48
1.747488e+02 6.473933e-48
1.751517e+02 6.469078e-48
1.755557e+02 6.464250e-48
1.759605e+02 6.459447e-48
1.763663e+02 6.454670e-48
1.767730e+02 6.449919e-48
1.771806e+02 6.445193e-48
1.775892e+02 6.440493e-48
1.779987e+02 6.435819e-48
1.784092e+02 6.431170e-48
1.788206e+02 6.426547e-48
1.792329e+02 6.421950e-48
1.796462e+02 6.417379e-48
1.800605e+02 6.412833e-48
1.804757e+02 6.408313e-48
1.808919e+02 6.403818e-48
1.813091e+02 6.399350e-48
1.817271e+02 6.394906e-48
1.821462e+02 6.390489e-48
1.825662e+02 6.386097e-48
1.829872e+02 6.381731e-48
1.834092e+02 6.377391e-48
1.838322e+02 6.373077e-48
1.842561e+02 6.368788e-48
1.846810e+02 6.364525e-48
1.851068e+02 6.360288e-48
1.855337e+02 6.356076e-48
1.859615e+02 6.351890e-48
1.863904e+02 6.347731e-48
1.868202e+02 6.343596e-48
1.872510e+02 6.339488e-48
1.876828e+02 6.335405e-48
1.881156e+02 6.331348e-48
1.885494e+02 6.327317e-48
1.889842e+02 6.323311e-48
1.894200e+02 6.319332e-48
1.898568e+02 6.315378e-48
1.902946e+02 6.311450e-48
1.907334e+02 6.307548e-48
1.911733e+02 6.303672e-48
1.916141e+02 6.299822e-48
1.920560e+02 6.295997e-48
1.924989e+02 6.292199e-48
1.929428e+02 6.288426e-48
1.933877e+02 6.284679e-48
1.938336e+02 6.280959e-48
1.942806e+02 6.277264e-48
1.947286e+02 6.273595e-48
1.951777e+02 6.269952e-48
1.956278e+02 6.266335e-48
1.960789e+02 6.262744e-48
1.965310e+02 6.259179e-48
1.969842e+02 6.255641e-48
1.974385e+02 6.252128e-48
1.978938e+02 6.248641e-48
1.983501e+02 6.245180e-48
1.988075e+02 6.241746e-48
1.992660e+02 6.238337e-48
1.997255e+02 6.234955e-48
2.001860e+02 6.231599e-48
2.006477e+02 6.228269e-48
2.011104e+02 6.224966e-48
2.015741e+02 6.221688e-48
2.020390e+02 6.218437e-48
2.025049e+02 6.215212e-48
2.029718e+02 6.212013e-48
2.034399e+02 6.208840e-48
2.039090e+02 6.205694e-48
2.043793e+02 6.202575e-48
2.048506e+02 6.199481e-48
2.053229e+02 6.196414e-48
2.057964e+02 6.193374e-48
2.062710e+02 6.190360e-48
2.067466e+02 6.187372e-48
2.072234e+02 6.184411e-48
2.077013e+02 6.181476e-48
2.081802e+02 6.178568e-48
2.086603e+02 6.175687e-48
2.091415e+02 6.172832e-48
2.096238e+02 6.170003e-48
2.101071e+02 6.167202e-48
2.105916e+02 6.164426e-48
2.110773e+02 6.161678e-48
2.115640e+02 6.158956e-48
2.120519e+02 6.156262e-48
2.125409e+02 6.153594e-48
2.130310e+02 6.150953e-48
2.135223e+02 6.148338e-48
2.140146e+02 6.145750e-48
2.145082e+02 6.143190e-48
2.150028e+02 6.140656e-48
2.154986e+02 6.138149e-48
2.159956e+02 6.135670e-48
2.164936e+02 6.133217e-48
2.169929e+02 6.130792e-48
2.174933e+02 6.128393e-48
2.179948e+02 6.126022e-48
2.184975e+02 6.123678e-48
2.190014e+02 6.121361e-48
2.195064e+02 6.119071e-48
2.200126e+02 6.116809e-48
2.205199e+02 6.114574e-48
2.210284e+02 6.112366e-48
2.215381e+02 6.110185e-48
2.220490e+02 6.108032e-48
2.225610e+02 6.105907e-48
2.230743e+02 6.103809e-48
2.235887e+02 6.101738e-48
2.241043e+02 6.099695e-48
2.246211e+02 6.097680e-48
2.251390e+02 6.095692e-48
2.256582e+02 6.093732e-48
2.261786e+02 6.091800e-48
2.267002e+02 6.089896e-48
2.272229e+02 6.088019e-48
2.277469e+02 6.086170e-48
2.282721e+02 6.084349e-48
2.287985e+02 6.082556e-48
2.293261e+02 6.080791e-48
2.298549e+02 6.079054e-48
2.303850e+02 6.077345e-48
2.309162e+02 6.075664e-48
2.314487e+02 6.074012e-48
2.319825e+02 6.072388e-48
2.325174e+02 6.070791e-48
2.330536e+02 6.069223e-48
2.335910e+02 6.067684e-48
2.341297e+02 6.066173e-48
2.346696e+02 6.064690e-48
2.352107e+02 6.063236e-48
2.357531e+02 6.061810e-48
2.362968e+02 6.060413e-48
2.368417e+02 6.059045e-48
2.373878e+02 6.057705e-48
2.379353e+02 6.056394e-48
2.384839e+02 6.055112e-48
2.390339e+02 6.053858e-48
2.395851e+02 6.052634e-48
2.401376e+02 6.051439e-48
2.406913e+02 6.050272e-48
2.412464e+02 6.049134e-48
2.418027e+02 6.048026e-48
2.423603e+02 6.046947e-48
2.429192e+02 6.045897e-48
2.434794e+02 6.044876e-48
2.440408e+02 6.043884e-48
2.446036e+02 6.042922e-48
2.451676e+02 6.041989e-48
2.457330e+02 6.041086e-48
2.462997e+02 6.040213e-48
2.468676e+02 6.039368e-48
2.474369e+02 6.038554e-48
2.480075e+02 6.037769e-48
2.485794e+02 6.037014e-48
2.491526e+02 6.036289e-48
2.497272e+02 6.035594e-48
2.503031e+02 6.034929e-48
2.508803e+02 6.034293e-48
2.514588e+02 6.033689e-48
2.520387e+02 6.033113e-48
2.526199e+02 6.032569e-48
2.532024e+02 6.032054e-48
2.537863e+02 6.031570e-48
2.543715e+02 6.031116e-48
2.549581e+02 6.030693e-48
2.555460e+02 6.030300e-48
2.561353e+02 6.029938e-48
2.567260e+02 6.029606e-48
2.573180e+02 6.029305e-48
2.579114e+02 6.029036e-48
2.585061e+02 6.028797e-48
2.591022e+02 6.028588e-48
2.596997e+02 6.028411e-48
2.602986e+02 6.028265e-48
2.608988e+02 6.028150e-48
2.615005e+02 6.028066e-48
2.621035e+02 6.028013e-48
2.627079e+02 6.027992e-48
2.633137e+02 6.028003e-48
2.639209e+02 6.028044e-48
2.645295e+02 6.028118e-48
2.651395e+02 6.028222e-48
2.657509e+02 6.028359e-48
2.663638e+02 6.028528e-48
2.669780e+02 6.028727e-48
2.675937e+02 6.028960e-48
2.682107e+02 6.029224e-48
2.688292e+02 6.029521e-48
2.694491e+02 6.029849e-48
2.700705e+02 6.030210e-48
2.706933e+02 6.030602e-48
2.713175e+02 6.031028e-48
2.719432e+02 6.031486e-48
2.725703e+02 6.031977e-48
2.731988e+02 6.032500e-48
2.738288e+02 6.033055e-48
2.744603e+02 6.033645e-48
2.750932e+02 6.034266e-48
2.757276e+02 6.034920e-48
2.763634e+02 6.035608e-48
2.770007e+02 6.036329e-48
2.776394e+02 6.037083e-48
2.782797e+02 6.037870e-48
2.789214e+02 6.038690e-48
2.795646e+02 6.039545e-48
2.802093e+02 6.040432e-48
2.808554e+02 6.041354e-48
2.815031e+02 6.042309e-48
2.821522e+02 6.043298e-48
2.828029e+02 6.044321e-48
2.834550e+02 6.045377e-48
2.841087e+02 6.046469e-48
2.847638e+02 6.047594e-48
2.854205e+02 6.048753e-48
2.860787e+02 6.049947e-48
2.867384e+02 6.051175e-48
2.873996e+02 6.052438e-48
2.880623e+02 6.053735e-48
2.887266e+02 6.055068e-48
2.893924e+02 6.056435e-48
2.900598e+02 6.057837e-48
2.907287e+02 6.059274e-48
2.913991e+02 6.060746e-48
2.920710e+02 6.062254e-48
2.927446e+02 6.063796e-48
2.934196e+02 6.065374e-48
2.940963e+02 6.066988e-48
2.947744e+02 6.068637e-48
2.954542e+02 6.070322e-48
2.961355e+02 6.072043e-48
2.968184e+02 6.073800e-48
2.975029e+02 6.075593e-48
2.981889e+02 6.077422e-48
2.988765e+02 6.079287e-48
2.995657e+02 6.081189e-48
3.002566e+02 6.083127e-48
3.009490e+02 6.085101e-48
3.016429e+02 6.087112e-48
3.023385e+02 6.089161e-48
3.030357e+02 6.091246e-48
3.037345e+02 6.093367e-48
3.044349e+02 6.095526e-48
3.051370e+02 6.097723e-48
3.058406e+02 6.099956e-48
3.065459e+02 6.102227e-48
3.072528e+02 6.104535e-48
3.079613e+02 6.106881e-48
3.086715e+02 6.109265e-48
3.093833e+02 6.111687e-48
3.100967e+02 6.114147e-48
3.108118e+02 6.116645e-48
3.115285e+02 6.119181e-48
3.122469e+02 6.121755e-48
3.129670e+02 6.124368e-48
3.136887e+02 6.127019e-48
3.144120e+02 6.129710e-48
3.151371e+02 6.132439e-48
3.158638e+02 6.135206e-48
3.165922e+02 6.138014e-48
3.173222e+02 6.140860e-48
3.180540e+02 6.143745e-48
3.187874e+02 6.146670e-48
3.195225e+02 6.149635e-48
3.202594e+02 6.152639e-48
3.209979e+02 6.155683e-48
3.217381e+02 6.158766e-48
3.224800e+02 6.161890e-48
3.232237e+02 6.165054e-48
3.239690e+02 6.168259e-48
3.247161e+02 6.171504e-48
3.254649e+02 6.174789e-48
3.262154e+02 6.178115e-48
3.269677e+02 6.181482e-48
3.277217e+02 6.184889e-48
3.284774e+02 6.188339e-48
3.292349e+02 6.191829e-48
3.299941e+02 6.195360e-48
3.307551e+02 6.198933e-48
3.315178e+02 6.202548e-48
3.322823e+02 6.206204e-48
3.330485e+02 6.209903e-48
3.338165e+02 6.213644e-48
3.345863e+02 6.217426e-48
3.353579e+02 6.221251e-48
3.361312e+02 6.225118e-48
3.369063e+02 6.229028e-48
3.376832e+02 6.232981e-48
3.384619e+02 6.236977e-48
3.392424e+02 6.241015e-48
3.400247e+02 6.245097e-48
3.408088e+02 6.249223e-48
3.415947e+02 6.253391e-48
3.423825e+02 6.257603e-48
3.431720e+02 6.261860e-48
3.439633e+02 6.266159e-48
3.447565e+02 6.270504e-48
3.455515e+02 6.274892e-48
3.463484e+02 6.279325e-48
3.471471e+02 6.283802e-48
3.479476e+02 6.288324e-48
3.487500e+02 6.292891e-48
3.495542e+02 6.297502e-48
3.503603e+02 6.302159e-48
3.511682e+02 6.306862e-48
3.519780e+02 6.311609e-48
3.527896e+02 6.316402e-48
3.536032e+02 6.321242e-48
3.544186e+02 6.326127e-48
3.552359e+02 6.331058e-48
3.560551e+02 6.336036e-48
3.568761e+02 6.341059e-48
3.576991e+02 6.346130e-48
3.585240e+02 6.351247e-48
3.593507e+02 6.356412e-48
3.601794e+02 6.361623e-48
3.610100e+02 6.366882e-48
3.618424e+02 6.372188e-48
3.626769e+02 6.377542e-48
3.635132e+02 6.382944e-48
3.643514e+02 6.388393e-48
3.651916e+02 6.393891e-48
3.660338e+02 6.399437e-48
3.668779e+02 6.405032e-48
3.677239e+02 6.410675e-48
3.685719e+02 6.416367e-48
3.694218e+02 6.422108e-48
3.702737e+02 6.427899e-48
3.711275e+02 6.433738e-48
3.719834e+02 6.439628e-48
3.728412e+02 6.445567e-48
3.737009e+02 6.451557e-48
3.745627e+02 6.457597e-48
3.754264e+02 6.463686e-48
3.762922e+02 6.469827e-48
3.771599e+02 6.476018e-48
3.780296e+02 6.482261e-48
3.789014e+02 6.488554e-48
3.797751e+02 6.494899e-48
3.806509e+02 6.501296e-48
3.815287e+02 6.507744e-48
3.824085e+02 6.514244e-48
3.832903e+02 6.520797e-48
3.841742e+02 6.527403e-48
3.850601e+02 6.534060e-48
3.859480e+02 6.540771e-48
3.868380e+02 6.547535e-48
3.877301e+02 6.554352e-48
3.886242e+02 6.561223e-48
3.895204e+02 6.568148e-48
3.904186e+02 6.575127e-48
3.913189e+02 6.582160e-48
3.922213e+02 6.589248e-48
3.931258e+02 6.596391e-48
3.940323e+02 6.603589e-48
3.949410e+02 6.610842e-48
3.958517e+02 6.618151e-48
3.967645e+02 6.625517e-48
3.976795e+02 6.632939e-48
3.985965e+02 6.640417e-48
3.995157e+02 6.647953e-48
4.004370e+02 6.655546e-48
4.013604e+02 6.663197e-48
4.022859e+02 6.670906e-48
4.032136e+02 6.678674e-48
4.041434e+02 6.686501e-48
4.050754e+02 6.694388e-48
4.060095e+02 6.702336e-48
4.069457e+02 6.710344e-48
4.078842e+02 6.718414e-48
4.088247e+02 6.726547e-48
4.097675e+02 6.734743e-48
4.107124e+02 6.743003e-48
4.116595e+02 6.751328e-48
4.126088e+02 6.759720e-48
4.135603e+02 6.768181e-48
4.145140e+02 6.776711e-48
4.154699e+02 6.785314e-48
4.164279e+02 6.793991e-48
4.173882e+02 6.802746e-48
4.183507e+02 6.811583e-48
4.193154e+02 6.820506e-48
4.202824e+02 6.829521e-48
4.212516e+02 6.838637e-48
4.222230e+02 6.847864e-48
4.231966e+02 6.857214e-48
4.241725e+02 6.866706e-48
4.251506e+02 6.876367e-48
4.261311e+02 6.886233e-48
4.271137e+02 6.896357e-48
4.280986e+02 6.906821e-48
4.290858e+02 6.917755e-48
4.300753e+02 6.929374e-48
4.310671e+02 6.942059e-48
4.320611e+02 6.956535e-48
4.330575e+02 6.974334e-48
4.340561e+02 6.999164e-48
4.350570e+02 7.042090e-48
4.360603e+02 7.149836e-48
4.370658e+02 7.747417e-48
4.380737e+02 7.077808e-47
4.390839e+02 7.508423e-48
4.400964e+02 7.152809e-48
4.411113e+02 7.088896e-48
4.421285e+02 7.072562e-48
4.431481e+02 7.070595e-48
4.441700e+02 7.074505e-48
4.451942e+02 7.081369e-48
4.462208e+02 7.090019e-48
4.472498e+02 7.100018e-48
4.482812e+02 7.111377e-48
4.493149e+02 7.124638e-48
4.503510e+02 7.141535e-48
4.513896e+02 7.167957e-48
4.524305e+02 7.233078e-48
4.534738e+02 7.758197e-48
4.545195e+02 8.732754e-48
4.555676e+02 7.294055e-48
4.566182e+02 7.226113e-48
4.576711e+02 7.217101e-48
4.587265e+02 7.220294e-48
4.597844e+02 7.227592e-48
4.608446e+02 7.236681e-48
4.619073e+02 7.246697e-48
4.629725e+02 7.257260e-48
4.640401e+02 7.268181e-48
4.651102e+02 7.279357e-48
4.661827e+02 7.290727e-48
4.672578e+02 7.302255e-48
4.683353e+02 7.313917e-48
4.694152e+02 7.325698e-48
4.704977e+02 7.337587e-48
4.715827e+02 7.349576e-48
4.726702e+02 7.361659e-48
4.737601e+02 7.373834e-48
4.748526e+02 7.386098e-48
4.759477e+02 7.398446e-48
4.770452e+02 7.410880e-48
4.781453e+02 7.423397e-48
4.792479e+02 7.435995e-48
4.803530e+02 7.448676e-48
4.814607e+02 7.461438e-48
4.825710e+02 7.474280e-48
4.836838e+02 7.487203e-48
4.847991e+02 7.500206e-48
4.859171e+02 7.513289e-48
4.870376e+02 7.526454e-48
4.881608e+02 7.539698e-48
4.892865e+02 7.553023e-48
4.904148e+02 7.566428e-48
4.915457e+02 7.579915e-48
4.926792e+02 7.593482e-48
4.938153e+02 7.607130e-48
4.949540e+02 7.620860e-48
4.960954e+02 7.634671e-48
4.972394e+02 7.648564e-48
4.983860e+02 7.662539e-48
4.995353e+02 7.676597e-48
5.006872e+02 7.690737e-48
5.018418e+02 7.704960e-48
5.029991e+02 7.719267e-48
5.041590e+02 7.733656e-48
5.053216e+02 7.748130e-48
5.064869e+02 7.762688e-48
5.076548e+02 7.777330e-48
5.088255e+02 7.792057e-48
5.099988e+02 7.806869e-48
5.111749e+02 7.821766e-48
5.123537e+02 7.836750e-48
5.135352e+02 7.851819e-48
5.147194e+02 7.866974e-48
5.159063e+02 7.882217e-48
5.170960e+02 7.897547e-48
5.182884e+02 7.912964e-48
5.194836e+02 7.928469e-48
5.206816e+02 7.944062e-48
5.218822e+02 7.959744e-48
5.230857e+02 7.975515e-48
5.242920e+02 7.991374e-48
5.255010e+02 8.007324e-48
5.267128e+02 8.023364e-48
5.279274e+02 8.039494e-48
5.291448e+02 8.055715e-48
5.303650e+02 8.072027e-48
5.315880e+02 8.088430e-48
5.328139e+02 8.104926e-48
5.340426e+02 8.121514e-48
5.352740e+02 8.138194e-48
5.365084e+02 8.154968e-48
5.377456e+02 8.171835e-48
5.389856e+02 8.188796e-48
5.402285e+02 8.205851e-48
5.414743e+02 8.223001e-48
5.427230e+02 8.240246e-48
5.439745e+02 8.257586e-48
5.452289e+02 8.275022e-48
5.464862e+02 8.292555e-48
5.477464e+02 8.310184e-48
5.490095e+02 8.327910e-48
5.502755e+02 8.345734e-48
5.515445e+02 8.363655e-48
5.528163e+02 8.381676e-48
5.540911e+02 8.399795e-48
5.553689e+02 8.418012e-48
5.566495e+02 8.436330e-48
5.579332e+02 8.454747e-48
5.592198e+02 8.473265e-48
5.605094e+02 8.491884e-48
5.618019e+02 8.510605e-48
5.630974e+02 8.529427e-48
5.643959e+02 8.548351e-48
5.656974e+02 8.567378e-48
5.670019e+02 8.586508e-48
5.683094e+02 8.605741e-48
5.696200e+02 8.625079e-48
5.709335e+02 8.644521e-48
5.722501e+02 8.664067e-48
5.735697e+02 8.683719e-48
5.748923e+02 8.703477e-48
5.762181e+02 8.723341e-48
5.775468e+02 8.743311e-48
5.788786e+02 8.763390e-48
5.802135e+02 8.783575e-48
5.815515e+02 8.803868e-48
5.828926e+02 8.824270e-48
5.842367e+02 8.844781e-48
5.855840e+02 8.865402e-48
5.869343e+02 8.886132e-48
5.882878e+02 8.906973e-48
5.896444e+02 8.927925e-48
5.910041e+02 8.948988e-48
5.923670e+02 8.970163e-48
5.937330e+02 8.991451e-48
5.951022e+02 9.012851e-48
5.964745e+02 9.034365e-48
5.978500e+02 9.055992e-48
5.992286e+02 9.077734e-48
6.006104e+02 9.099590e-48
6.019954e+02 9.121562e-48
6.033836e+02 9.143650e-48
6.047750e+02 9.165854e-48
6.061697e+02 9.188175e-48
6.075675e+02 9.210613e-48
6.089686e+02 9.233170e-48
6.103728e+02 9.255844e-48
6.117804e+02 9.278637e-48
6.131911e+02 9.301550e-48
6.146052e+02 9.324583e-48
6.160224e+02 9.347736e-48
6.174430e+02 9.371010e-48
6.188668e+02 9.394406e-48
6.202939e+02 9.417924e-48
6.217243e+02 9.441564e-48
6.231580e+02 9.465328e-48
6.245950e+02 9.489215e-48
6.260354e+02 9.513226e-48
6.274790e+02 9.537362e-48
6.289260e+02 9.561624e-48
6.303763e+02 9.586011e-48
6.318299e+02 9.610525e-48
6.332869e+02 9.635165e-48
6.347473e+02 9.659933e-48
6.362110e+02 9.684829e-48
6.376781e+02 9.709854e-48
6.391486e+02 9.735008e-48
6.406225e+02 9.760292e-48
6.420998e+02 9.785706e-48
6.435805e+02 9.811251e-48
6.450646e+02 9.836928e-48
6.465521e+02 9.862736e-48
6.480431e+02 9.888678e-48
6.495375e+02 9.914752e-48
6.510353e+02 9.940960e-48
6.525366e+02 9.967303e-48
6.540413e+02 9.993781e-48
6.555496e+02 1.002039e-47
6.570613e+02 1.004714e-47
6.585765e+02 1.007403e-47
6.600951e+02 1.010105e-47
6.616173e+02 1.012822e-47
6.631430e+02 1.015552e-47
6.646722e+02 1.018296e-47
6.662050e+02 1.021054e-47
6.677413e+02 1.023826e-47
6.692811e+02 1.026612e-47
6.708244e+02 1.029412e-47
6.723714e+02 1.032226e-47
6.739218e+02 1.035055e-47
6.754759e+02 1.037898e-47
6.770336e+02 1.040756e-47
6.785948e+02 1.043628e-47
6.801597e+02 1.046515e-47
6.817281e+02 1.049416e-47
6.833002e+02 1.052332e-47
6.848759e+02 1.055263e-47
6.864552e+02 1.058208e-47
6.880382e+02 1.061169e-47
6.896248e+02 1.064144e-47
6.912151e+02 1.067134e-47
6.928090e+02 1.070140e-47
6.944067e+02 1.073160e-47
6.960080e+02 1.076196e-47
6.976130e+02 1.079247e-47
6.992217e+02 1.082314e-47
7.008341e+02 1.085395e-47
7.024502e+02 1.088493e-47
7.040701e+02 1.091606e-47
7.056936e+02 1.094734e-47
7.073210e+02 1.097878e-47
7.089521e+02 1.101038e-47
7.105869e+02 1.104214e-47
7.122255e+02 1.107406e-47
7.138679e+02 1.110614e-47
7.155141e+02 1.113837e-47
7.171641e+02 1.117077e-47
7.188179e+02 1.120333e-47
7.204755e+02 1.123606e-47
7.221369e+02 1.126894e-47
7.238022e+02 1.130199e-47
7.254713e+02 1.133521e-47
7.271442e+02 1.136859e-47
7.288210e+02 1.140214e-47
7.305017e+02 1.143585e-47
7.321862e+02 1.146973e-47
7.338746e+02 1.150378e-47
7.355670e+02 1.153800e-47
7.372632e+02 1.157239e-47
7.389633e+02 1.160696e-47
7.406674e+02 1.164169e-47
7.423754e+02 1.167659e-47
7.440873e+02 1.171167e-47
7.458031e+02 1.174692e-47
7.475230e+02 1.178235e-47
7.492468e+02 1.181795e-47
7.509745e+02 1.185373e-47
7.527063e+02 1.188969e-47
7.544420e+02 1.192582e-47
7.561818e+02 1.196213e-47
7.579255e+02 1.199862e-47
7.596733e+02 1.203529e-47
7.614251e+02 1.207215e-47
7.631810e+02 1.210918e-47
7.649409e+02 1.214640e-47
7.667048e+02 1.218380e-47
7.684729e+02 1.222139e-47
7.702450e+02 1.225916e-47
7.720212e+02 1.229711e-47
7.738015e+02 1.233526e-47
7.755859e+02 1.237359e-47
7.773744e+02 1.241211e-47
7.791670e+02 1.245082e-47
7.809638e+02 1.248972e-47
7.827647e+02 1.252881e-47
7.845697e+02 1.256809e-47
7.863790e+02 1.260757e-47
7.881923e+02 1.264724e-47
7.900099e+02 1.268710e-47
7.918317e+02 1.272716e-47
7.936577e+02 1.276742e-47
7.954878e+02 1.280787e-47
7.973222e+02 1.284852e-47
7.991609e+02 1.288937e-47
8.010037e+02 1.293042e-47
8.028509e+02 1.297168e-47
8.047022e+02 1.301313e-47
8.065579e+02 1.305479e-47
8.084178e+02 1.309665e-47
8.102820e+02 1.313872e-47
8.121506e+02 1.318099e-47
8.140234e+02 1.322347e-47
8.159005e+02 1.326615e-47
8.177820e+02 1.330905e-47
8.196678e+02 1.335216e-47
8.215580e+02 1.339548e-47
8.234525e+02 1.343901e-47
8.253514e+02 1.348276e-47
8.272546e+02 1.352672e-47
8.291623e+02 1.357090e-47
8.310743e+02 1.361530e-47
8.329908e+02 1.365992e-47
8.349117e+02 1.370477e-47
8.368370e+02 1.374985e-47
8.387668e+02 1.379516e-47
8.407010e+02 1.384072e-47
8.426396e+02 1.388653e-47
8.445828e+02 1.393263e-47
8.465304e+02 1.397905e-47
8.484825e+02 1.402587e-47
8.504391e+02 1.407329e-47
8.524002e+02 1.412186e-47
8.543659e+02 1.417362e-47
8.563360e+02 1.424282e-47
8.583107e+02 1.606627e-47
8.602900e+02 1.436179e-47
8.622739e+02 1.436645e-47
8.642623e+02 1.440799e-47
8.662553e+02 1.445425e-47
8.682528e+02 1.450195e-47
8.702550e+02 1.455036e-47
8.722619e+02 1.459922e-47
8.742733e+02 1.464847e-47
8.762894e+02 1.469805e-47
8.783101e+02 1.474801e-47
8.803355e+02 1.479840e-47
8.823656e+02 1.484952e-47
8.844003e+02 1.490251e-47
8.864397e+02 1.496716e-47
8.884839e+02 2.442145e-47
8.905327e+02 1.506612e-47
8.925863e+02 1.510646e-47
8.946446e+02 1.515608e-47
8.967077e+02 1.520734e-47
8.987755e+02 1.525927e-47
9.008481e+02 1.531160e-47
9.029254e+02 1.536426e-47
9.050076e+02 1.541722e-47
9.070945e+02 1.547046e-47
9.091863e+02 1.552397e-47
9.112829e+02 1.557775e-47
9.133843e+02 1.563179e-47
9.154906e+02 1.568610e-47
9.176017e+02 1.574067e-47
9.197177e+02 1.579550e-47
9.218386e+02 1.585060e-47
9.239644e+02 1.590597e-47
9.260950e+02 1.596161e-47
9.282306e+02 1.601751e-47
9.303711e+02 1.607368e-47
9.325166e+02 1.613012e-47
9.346670e+02 1.618683e-47
9.368223e+02 1.624382e-47
9.389826e+02 1.630107e-47
9.411479e+02 1.635860e-47
9.433182e+02 1.641641e-47
9.454935e+02 1.647450e-47
9.476738e+02 1.653286e-47
9.498592e+02 1.659150e-47
9.520495e+02 1.665043e-47
9.542450e+02 1.670963e-47
9.564455e+02 1.676912e-47
9.586511e+02 1.682889e-47
9.608617e+02 1.688895e-47
9.630775e+02 1.694930e-47
9.652983e+02 1.700993e-47
9.675243e+02 1.707085e-47
9.697554e+02 1.713207e-47
9.719917e+02 1.719358e-47
9.742331e+02 1.725538e-47
9.764797e+02 1.731747e-47
9.787315e+02 1.737986e-47
9.809884e+02 1.744255e-47
9.832506e+02 1.750554e-47
9.855180e+02 1.756883e-47
9.877906e+02 1.763242e-47
9.900684e+02 1.769631e-47
9.923516e+02 1.776051e-47
9.946399e+02 1.782501e-47
9.969336e+02 1.788982e-47
9.992325e+02 1.795494e-47
1.001537e+03 1.802037e-47
1.003846e+03 1.808612e-47
1.006161e+03 1.815217e-47
1.008481e+03 1.821854e-47
1.010807e+03 1.828522e-47
1.013138e+03 1.835222e-47
1.015474e+03 1.841954e-47
1.017816e+03 1.848718e-47
1.020163e+03 1.855514e-47
1.022515e+03 1.862343e-47
1.024873e+03 1.869204e-47
1.027237e+03 1.876097e-47
1.029606e+03 1.883023e-47
1.031980e+03 1.889983e-47
1.034360e+03 1.896975e-47
1.036745e+03 1.904000e-47
1.039136e+03 1.911059e-47
1.041532e+03 1.918151e-47
1.043934e+03 1.925277e-47
1.046341e+03 1.932437e-47
1.048754e+03 1.939630e-47
1.051172e+03 1.946858e-47
1.053596e+03 1.954120e-47
1.056026e+03 1.961416e-47
1.058461e+03 1.968747e-47
1.060902e+03 1.976113e-47
1.063348e+03 1.983514e-47
1.065800e+03 1.990950e-47
1.068258e+03 1.998421e-47
1.070722e+03 2.005927e-47
1.073191e+03 2.013469e-47
1.075666e+03 2.021047e-47
1.078146e+03 2.028660e-47
1.080632e+03 2.036309e-47
1.083124e+03 2.043995e-47
1.085622e+03 2.051717e-47
1.088125e+03 2.059476e-47
1.090634e+03 2.067271e-47
1.093149e+03 2.075103e-47
1.095670e+03 2.082973e-47
1.098197e+03 2.090879e-47
1.100729e+03 2.098823e-47
1.103268e+03 2.106804e-47
1.105812e+03 2.114823e-47
1.108362e+03 2.122880e-47
1.110918e+03 2.130975e-47
1.113479e+03 2.139109e-47
1.116047e+03 2.147280e-47
1.118621e+03 2.155491e-47
1.121200e+03 2.163740e-47
1.123786e+03 2.172028e-47
1.126377e+03 2.180355e-47
1.128975e+03 2.188721e-47
1.131578e+03 2.197127e-47
1.134188e+03 2.205573e-47
1.136803e+03 2.214058e-47
1.139425e+03 2.222584e-47
1.142052e+03 2.231149e-47
1.144686e+03 2.239755e-47
1.147325e+03 2.248402e-47
1.149971e+03 2.257089e-47
1.152623e+03 2.265818e-47
1.155281e+03 2.274587e-47
1.157945e+03 2.283398e-47
1.160615e+03 2.292251e-47
1.163292e+03 2.301145e-47
1.165974e+03 2.310081e-47
1.168663e+03 2.319059e-47
1.171358e+03 2.328080e-47
1.174059e+03 2.337143e-47
1.176766e+03 2.346248e-47
1.179480e+03 2.355397e-47
1.182200e+03 2.364589e-47
1.184926e+03 2.373824e-47
1.187659e+03 2.383102e-47
1.190397e+03 2.392424e-47
1.193142e+03 2.401791e-47
1.195894e+03 2.411201e-47
1.198651e+03 2.420656e-47
1.201416e+03 2.430155e-47
1.204186e+03 2.439700e-47
1.206963e+03 2.449289e-47
1.209746e+03 2.458925e-47
1.212536e+03 2.468606e-47
1.215332e+03 2.478333e-47
1.218134e+03 2.488108e-47
1.220944e+03 2.497931e-47
1.223759e+03 2.507803e-47
1.226581e+03 2.517730e-47
1.229409e+03 2.527718e-47
1.232245e+03 2.537792e-47
1.235086e+03 2.548046e-47
1.237934e+03 2.559267e-47
1.240789e+03 6.959698e-47
1.243650e+03 2.579458e-47
1.246518e+03 2.588682e-47
1.249392e+03 2.598780e-47
1.252274e+03 2.609050e-47
1.255161e+03 2.619405e-47
1.258056e+03 2.629824e-47
1.260957e+03 2.640301e-47
1.263865e+03 2.650836e-47
1.266779e+03 2.661431e-47
1.269700e+03 2.672105e-47
1.272628e+03 2.682946e-47
1.275563e+03 2.695248e-47
1.278504e+03 2.708535e-47
1.281453e+03 2.715354e-47
1.284408e+03 2.726006e-47
1.287370e+03 2.736879e-47
1.290338e+03 2.747839e-47
1.293314e+03 2.758861e-47
1.296296e+03 2.769940e-47
1.299285e+03 2.781074e-47
1.302282e+03 2.792262e-47
1.305285e+03 2.803502e-47
1.308295e+03 2.814796e-47
1.311312e+03 2.826143e-47
1.314335e+03 2.837544e-47
1.317366e+03 2.848998e-47
1.320404e+03 2.860506e-47
1.323449e+03 2.872067e-47
1.326501e+03 2.883684e-47
1.329560e+03 2.895354e-47
1.332626e+03 2.907079e-47
1.335699e+03 2.918860e-47
1.338779e+03 2.930695e-47
1.341866e+03 2.942586e-47
1.344961e+03 2.954532e-47
1.348062e+03 2.966535e-47
1.351171e+03 2.978593e-47
1.354287e+03 2.990709e-47
1.357410e+03 3.002880e-47
1.360540e+03 3.015109e-47
1.363677e+03 3.027395e-47
1.366822e+03 3.039739e-47
1.369974e+03 3.052140e-47
1.373133e+03 3.064599e-47
1.376299e+03 3.077117e-47
1.379473e+03 3.089693e-47
1.382654e+03 3.102328e-47
1.385843e+03 3.115022e-47
1.389038e+03 3.127775e-47
1.392242e+03 3.140588e-47
1.395452e+03 3.153461e-47
1.398670e+03 3.166394e-47
1.401895e+03 3.179387e-47
1.405128e+03 3.192441e-47
1.408368e+03 3.205557e-47
1.411616e+03 3.218733e-47
1.414871e+03 3.231971e-47
1.418134e+03 3.245271e-47
1.421404e+03 3.258633e-47
1.424682e+03 3.272058e-47
1.427967e+03 3.285545e-47
1.431260e+03 3.299095e-47
1.434561e+03 3.312709e-47
1.437869e+03 3.326386e-47
1.441185e+03 3.340127e-47
1.444508e+03 3.353932e-47
1.447839e+03 3.367801e-47
1.451178e+03 3.381736e-47
1.454524e+03 3.395735e-47
1.457878e+03 3.409800e-47
1.461240e+03 3.423930e-47
1.464610e+03 3.438127e-47
1.467987e+03 3.452390e-47
1.471372e+03 3.466719e-47
1.474765e+03 3.481115e-47
1.478166e+03 3.495578e-47
1.481575e+03 3.510109e-47
1.484991e+03 3.524708e-47
1.488416e+03 3.539375e-47
1.491848e+03 3.554110e-47
1.495288e+03 3.568914e-47
1.498736e+03 3.583787e-47
1.502193e+03 3.598729e-47
1.505657e+03 3.613741e-47
1.509129e+03 3.628824e-47
1.512609e+03 3.643976e-47
1.516097e+03 3.659200e-47
1.519593e+03 3.674494e-47
1.523097e+03 3.689860e-47
1.526609e+03 3.705297e-47
1.530130e+03 3.720807e-47
1.533658e+03 3.736389e-47
1.537195e+03 3.752044e-47
1.540740e+03 3.767772e-47
1.544293e+03 3.783574e-47
1.547854e+03 3.799451e-47
1.551423e+03 3.815403e-47
1.555001e+03 3.831431e-47
1.558586e+03 3.847538e-47
1.562181e+03 3.863730e-47
1.565783e+03 3.880021e-47
1.569394e+03 3.896483e-47
1.573013e+03 3.913875e-47
1.576640e+03 3.942748e-47
1.580276e+03 3.946148e-47
1.583920e+03 3.962449e-47
1.587572e+03 3.979083e-47
1.591234e+03 3.995842e-47
1.594903e+03 4.012697e-47
1.598581e+03 4.029642e-47
1.602267e+03 4.046685e-47
1.605962e+03 4.063875e-47
1.609665e+03 4.082022e-47
1.613377e+03 4.100178e-47
1.617098e+03 4.115675e-47
1.620827e+03 4.132977e-47
1.624564e+03 4.150447e-47
1.628311e+03 4.168017e-47
1.632065e+03 4.185675e-47
1.635829e+03 4.203417e-47
1.639601e+03 4.221244e-47
1.643382e+03 4.239155e-47
1.647172e+03 4.257150e-47
1.650970e+03 4.275228e-47
1.654777e+03 4.293391e-47
1.658593e+03 4.311639e-47
1.662418e+03 4.329971e-47
1.666252e+03 4.348389e-47
1.670094e+03 4.366893e-47
1.673945e+03 4.385483e-47
1.677805e+03 4.404160e-47
1.681674e+03 4.422923e-47
1.685552e+03 4.441774e-47
1.689439e+03 4.460713e-47
1.693335e+03 4.479739e-47
1.697240e+03 4.498854e-47
1.701154e+03 4.518058e-47
1.705077e+03 4.537352e-47
1.709009e+03 4.556735e-47
1.712950e+03 4.576208e-47
1.716900e+03 4.595772e-47
1.720859e+03 4.615427e-47
1.724827e+03 4.635173e-47
1.728805e+03 4.655012e-47
1.732791e+03 4.674942e-47
1.736787e+03 4.694965e-47
1.740792e+03 4.715081e-47
1.744806e+03 4.735291e-47
1.748830e+03 4.755595e-47
1.752863e+03 4.775993e-47
1.756905e+03 4.796486e-47
1.760956e+03 4.817074e-47
1.765017e+03 4.837758e-47
1.769087e+03 4.858538e-47
1.773167e+03 4.879415e-47
1.777256e+03 4.900389e-47
1.781354e+03 4.921460e-47
1.785462e+03 4.942629e-47
1.789579e+03 4.963897e-47
1.793706e+03 4.985263e-47
1.797842e+03 5.006729e-47
1.801988e+03 5.028294e-47
1.806143e+03 5.049960e-47
1.810309e+03 5.071727e-47
1.814483e+03 5.093594e-47
1.818667e+03 5.115564e-47
1.822861e+03 5.137635e-47
1.827065e+03 5.159809e-47
1.831278e+03 5.182086e-47
1.835501e+03 5.204466e-47
1.839734e+03 5.226950e-47
1.843976e+03 5.249540e-47
1.848228e+03 5.272233e-47
1.852490e+03 5.295033e-47
1.856762e+03 5.317939e-47
1.861044e+03 5.340951e-47
1.865335e+03 5.364070e-47
1.869637e+03 5.387297e-47
1.873948e+03 5.410633e-47
1.878270e+03 5.434080e-47
1.882601e+03 5.457639e-47
1.886942e+03 5.481319e-47
1.891293e+03 5.505160e-47
1.895655e+03 5.529816e-47
1.900026e+03 5.554232e-47
1.904408e+03 5.577150e-47
1.908799e+03 5.601283e-47
1.913201e+03 5.625590e-47
1.917613e+03 5.650023e-47
1.922035e+03 5.674577e-47
1.926467e+03 5.699255e-47
1.930909e+03 5.724086e-47
1.935362e+03 5.750122e-47
1.939825e+03 5.774214e-47
1.944298e+03 5.799094e-47
1.948782e+03 5.824310e-47
1.953276e+03 5.849664e-47
1.957780e+03 5.875140e-47
1.962295e+03 5.900737e-47
1.966820e+03 5.926453e-47
1.971355e+03 5.952289e-47
1.975901e+03 5.978245e-47
1.980458e+03 6.004322e-47
1.985025e+03 6.030520e-47
1.989602e+03 6.056840e-47
1.994190e+03 6.083281e-47
1.998789e+03 6.109846e-47
2.003398e+03 6.136534e-47
2.008018e+03 6.163346e-47
2.012648e+03 6.190282e-47
2.017290e+03 6.217343e-47
2.021941e+03 6.244530e-47
2.026604e+03 6.271843e-47
2.031277e+03 6.299283e-47
2.035962e+03 6.326850e-47
2.040657e+03 6.354545e-47
2.045362e+03 6.382368e-47
2.050079e+03 6.410321e-47
2.054807e+03 6.438403e-47
2.059545e+03 6.466615e-47
2.064294e+03 6.494959e-47
2.069055e+03 6.523434e-47
2.073826e+03 6.552041e-47
2.078608e+03 6.580780e-47
2.083401e+03 6.609653e-47
2.088206e+03 6.638660e-47
2.093021e+03 6.667802e-47
2.097847e+03 6.697079e-47
2.102685e+03 6.726491e-47
2.107534e+03 6.756040e-47
2.112394e+03 6.785726e-47
2.117265e+03 6.815550e-47
2.122148e+03 6.845512e-47
2.127041e+03 6.875613e-47
2.131946e+03 6.905853e-47
2.136863e+03 6.936234e-47
2.141790e+03 6.966756e-47
2.146729e+03 6.997419e-47
2.151680e+03 7.028224e-47
2.156641e+03 7.059173e-47
2.161615e+03 7.090265e-47
2.166599e+03 7.121501e-47
2.171595e+03 7.152881e-47
2.176603e+03 7.184408e-47
2.181622e+03 7.216080e-47
2.186653e+03 7.247900e-47
2.191696e+03 7.279867e-47
2.196750e+03 7.311982e-47
2.201816e+03 7.344246e-47
2.206893e+03 7.376660e-47
2.211982e+03 7.409224e-47
2.217083e+03 7.441939e-47
2.222195e+03 7.474806e-47
2.227320e+03 7.507826e-47
2.232456e+03 7.540999e-47
2.237604e+03 7.574326e-47
2.242764e+03 7.607811e-47
2.247936e+03 7.641459e-47
2.253120e+03 7.675351e-47
2.258315e+03 7.710096e-47
2.263523e+03 7.743324e-47
2.268743e+03 7.777559e-47
2.273974e+03 7.811975e-47
2.279218e+03 7.846554e-47
2.284474e+03 7.881296e-47
2.289742e+03 7.916199e-47
2.295022e+03 7.951266e-47
2.300315e+03 7.986498e-47
2.305619e+03 8.021929e-47
2.310936e+03 8.058110e-47
2.316265e+03 8.093175e-47
2.321606e+03 8.129045e-47
2.326960e+03 8.165093e-47
2.332326e+03 8.201310e-47
2.337704e+03 8.237696e-47
2.343095e+03 8.274251e-47
2.348498e+03 8.310975e-47
2.353914e+03 8.347869e-47
2.359342e+03 8.384935e-47
2.364783e+03 8.422172e-47
2.370236e+03 8.459582e-47
2.375702e+03 8.497165e-47
2.381180e+03 8.534923e-47
2.386671e+03 8.572855e-47
2.392175e+03 8.610963e-47
2.397691e+03 8.649248e-47
2.403220e+03 8.687710e-47
2.408762e+03 8.726355e-47
2.414317e+03 8.765179e-47
2.419884e+03 8.804184e-47
2.425465e+03 8.843369e-47
2.431058e+03 8.882736e-47
2.436664e+03 8.922285e-47
2.442283e+03 8.962018e-47
2.447915e+03 9.001934e-47
2.453559e+03 9.042036e-47
2.459218e+03 9.082323e-47
2.464888e+03 9.122797e-47
2.470573e+03 9.163458e-47
2.476270e+03 9.204308e-47
2.481980e+03 9.245347e-47
2.487703e+03 9.286576e-47
2.493440e+03 9.327996e-47
2.499190e+03 9.369608e-47
2.504953e+03 9.411413e-47
2.510729e+03 9.453411e-47
2.516519e+03 9.495604e-47
2.522322e+03 9.537992e-47
2.528139e+03 9.580577e-47
2.533969e+03 9.623358e-47
2.539812e+03 9.666338e-47
2.545669e+03 9.709518e-47
2.551539e+03 9.752897e-47
2.557423e+03 9.796494e-47
2.563321e+03 9.840300e-47
2.569232e+03 9.884309e-47
2.575156e+03 9.928522e-47
2.581095e+03 9.972940e-47
2.587047e+03 1.001756e-46
2.593012e+03 1.006239e-46
2.598992e+03 1.010743e-46
2.604985e+03 1.015268e-46
2.610992e+03 1.019813e-46
2.617013e+03 1.024380e-46
2.623048e+03 1.028967e-46
2.629097e+03 1.033576e-46
2.635160e+03 1.038207e-46
2.641236e+03 1.042858e-46
2.647327e+03 1.047532e-46
2.653432e+03 1.052227e-46
2.659551e+03 1.056949e-46
2.665684e+03 1.061688e-46
2.671831e+03 1.066443e-46
2.677992e+03 1.071225e-46
2.684167e+03 1.076029e-46
2.690357e+03 1.080856e-46
2.696561e+03 1.085705e-46
2.702779e+03 1.090577e-46
2.709012e+03 1.095471e-46
2.715259e+03 1.100388e-46
2.721521e+03 1.105327e-46
2.727796e+03 1.110290e-46
2.734087e+03 1.115283e-46
2.740392e+03 1.120285e-46
2.746711e+03 1.125316e-46
2.753045e+03 1.130370e-46
2.759393e+03 1.135449e-46
2.765756e+03 1.140551e-46
2.772134e+03 1.145676e-46
2.778527e+03 1.150825e-46
2.784934e+03 1.155998e-46
2.791356e+03 1.161195e-46
2.797793e+03 1.166416e-46
2.804245e+03 1.171661e-46
2.810711e+03 1.176931e-46
2.817193e+03 1.182225e-46
2.823689e+03 1.187543e-46
2.830201e+03 1.192886e-46
2.836727e+03 1.198254e-46
2.843269e+03 1.203647e-46
2.849825e+03 1.209064e-46
2.856397e+03 1.214507e-46
2.862984e+03 1.219975e-46
2.869586e+03 1.225468e-46
2.876204e+03 1.230986e-46
2.882836e+03 1.236530e-46
2.889484e+03 1.242100e-46
2.896147e+03 1.247695e-46
2.902826e+03 1.253317e-46
2.909519e+03 1.258964e-46
2.916229e+03 1.264638e-46
2.922954e+03 1.270338e-46
2.929694e+03 1.276064e-46
2.936450e+03 1.281817e-46
2.943222e+03 1.287596e-46
2.950008e+03 1.293402e-46
2.956811e+03 1.299235e-46
2.963630e+03 1.305095e-46
2.970464e+03 1.310982e-46
2.977314e+03 1.316896e-46
2.984180e+03 1.322838e-46
2.991061e+03 1.328807e-46
2.997958e+03 1.334804e-46
3.004872e+03 1.340828e-46
3.011801e+03 1.346881e-46
3.018746e+03 1.352961e-46
3.025707e+03 1.359070e-46
3.032685e+03 1.365206e-46
3.039678e+03 1.371372e-46
3.046688e+03 1.377565e-46
3.053713e+03 1.383788e-46
3.060755e+03 1.390039e-46
3.067813e+03 1.396319e-46
3.074888e+03 1.402629e-46
3.081979e+03 1.408967e-46
3.089086e+03 1.415335e-46
3.096209e+03 1.422174e-46
3.103349e+03 1.428159e-46
3.110505e+03 1.434615e-46
3.117678e+03 1.441102e-46
3.124867e+03 1.447618e-46
3.132073e+03 1.454164e-46
3.139296e+03 1.460741e-46
3.146535e+03 1.467349e-46
3.153791e+03 1.473987e-46
3.161064e+03 1.480655e-46
3.168353e+03 1.487355e-46
3.175660e+03 1.494085e-46
3.182983e+03 1.500847e-46
3.190323e+03 1.507653e-46
3.197680e+03 1.514470e-46
3.205053e+03 1.521330e-46
3.212444e+03 1.528222e-46
3.219852e+03 1.535147e-46
3.227277e+03 1.542103e-46
3.234719e+03 1.549091e-46
3.242179e+03 1.556112e-46
3.249655e+03 1.563165e-46
3.257149e+03 1.570251e-46
3.264660e+03 1.577370e-46
3.272188e+03 1.584521e-46
3.279734e+03 1.591706e-46
3.287297e+03 1.598924e-46
3.294878e+03 1.606175e-46
3.302476e+03 1.613460e-46
3.310091e+03 1.620778e-46
3.317724e+03 1.628131e-46
3.325375e+03 1.635517e-46
3.333043e+03 1.642937e-46
3.340729e+03 1.650392e-46
3.348433e+03 1.657882e-46
3.356155e+03 1.665405e-46
3.363894e+03 1.672964e-46
3.371651e+03 1.680558e-46
3.379426e+03 1.688187e-46
3.387219e+03 1.695851e-46
3.395030e+03 1.703550e-46
3.402859e+03 1.711285e-46
3.410706e+03 1.719056e-46
3.418571e+03 1.726863e-46
3.426454e+03 1.734706e-46
3.434356e+03 1.742586e-46
3.442275e+03 1.750502e-46
3.450213e+03 1.758454e-46
3.458169e+03 1.766443e-46
3.466144e+03 1.774469e-46
3.474137e+03 1.782532e-46
3.482148e+03 1.790633e-46
3.490178e+03 1.798770e-46
3.498227e+03 1.806946e-46
3.506294e+03 1.815160e-46
3.514379e+03 1.823411e-46
3.522483e+03 1.831700e-46
3.530606e+03 1.840029e-46
3.538748e+03 1.848410e-46
3.546908e+03 1.856800e-46
3.555087e+03 1.865244e-46
3.563285e+03 1.873727e-46
3.571502e+03 1.882249e-46
3.579738e+03 1.890811e-46
3.587993e+03 1.899412e-46
3.596267e+03 1.908054e-46
3.604560e+03 1.916734e-46
3.612872e+03 1.925456e-46
3.621204e+03 1.934217e-46
3.629554e+03 1.943019e-46
3.637924e+03 1.951862e-46
3.646313e+03 1.960746e-46
3.654722e+03 1.969673e-46
3.663149e+03 1.978637e-46
3.671597e+03 1.987644e-46
3.680063e+03 1.996693e-46
3.688550e+03 2.005784e-46
3.697055e+03 2.014918e-46
3.705581e+03 2.024093e-46
3.714126e+03 2.033311e-46
3.722691e+03 2.042571e-46
3.731275e+03 2.051874e-46
3.739880e+03 2.061220e-46
3.748504e+03 2.070610e-46
3.757148e+03 2.080043e-46
3.765812e+03 2.089520e-46
3.774496e+03 2.099040e-46
3.783200e+03 2.108604e-46
3.791924e+03 2.118213e-46
3.800668e+03 2.127866e-46
3.809432e+03 2.137564e-46
3.818217e+03 2.147307e-46
3.827022e+03 2.157094e-46
3.835847e+03 2.166927e-46
3.844693e+03 2.176805e-46
3.853559e+03 2.186730e-46
3.862445e+03 2.196700e-46
3.871352e+03 2.206716e-46
3.880279e+03 2.216778e-46
3.889227e+03 2.226887e-46
3.898195e+03 2.237043e-46
3.907185e+03 2.247246e-46
3.916195e+03 2.257496e-46
3.925226e+03 2.267793e-46
3.934277e+03 2.278138e-46
3.943350e+03 2.288531e-46
3.952443e+03 2.298972e-46
3.961557e+03 2.309461e-46
3.970693e+03 2.319999e-46
3.979849e+03 2.330600e-46
3.989027e+03 2.341221e-46
3.998226e+03 2.351905e-46
4.007445e+03 2.362639e-46
4.016687e+03 2.373423e-46
4.025949e+03 2.384257e-46
4.035233e+03 2.395140e-46
4.044538e+03 2.406074e-46
4.053865e+03 2.417059e-46
4.063213e+03 2.428094e-46
4.072583e+03 2.439181e-46
4.081974e+03 2.450318e-46
4.091388e+03 2.461508e-46
4.100822e+03 2.472749e-46
4.110279e+03 2.484042e-46
4.119757e+03 2.495436e-46
4.129257e+03 2.506785e-46
4.138779e+03 2.518235e-46
4.148324e+03 2.529739e-46
4.157890e+03 2.541295e-46
4.167478e+03 2.552905e-46
4.177088e+03 2.564569e-46
4.186720e+03 2.576287e-46
4.196375e+03 2.588059e-46
4.206052e+03 2.599885e-46
4.215751e+03 2.611766e-46
4.225473e+03 2.623702e-46
4.235217e+03 2.635694e-46
4.244983e+03 2.647740e-46
4.254772e+03 2.659843e-46
4.264583e+03 2.672002e-46
4.274418e+03 2.684216e-46
4.284275e+03 2.696487e-46
4.294154e+03 2.708815e-46
4.304056e+03 2.721200e-46
4.313982e+03 2.733643e-46
4.323930e+03 2.746142e-46
4.333901e+03 2.758700e-46
4.343895e+03 2.771316e-46
4.353912e+03 2.783990e-46
4.363952e+03 2.796723e-46
4.374015e+03 2.809515e-46
4.384102e+03 2.822366e-46
4.394212e+03 2.835278e-46
4.404345e+03 2.848247e-46
4.414501e+03 2.861276e-46
4.424681e+03 2.874366e-46
4.434884e+03 2.887517e-46
4.445111e+03 2.900729e-46
4.455362e+03 2.914002e-46
4.465636e+03 2.927336e-46
4.475934e+03 2.940732e-46
4.486255e+03 2.954190e-46
4.496600e+03 2.967710e-46
4.506970e+03 2.981293e-46
4.517363e+03 2.994938e-46
4.527780e+03 3.008647e-46
4.538221e+03 3.022419e-46
4.548686e+03 3.036255e-46
4.559175e+03 3.050155e-46
4.569689e+03 3.064120e-46
4.580227e+03 3.078148e-46
4.590789e+03 3.092241e-46
4.601375e+03 3.106400e-46
4.611986e+03 3.120625e-46
4.622621e+03 3.134915e-46
4.633281e+03 3.149271e-46
4.643965e+03 3.163694e-46
4.654674e+03 3.178183e-46
4.665408e+03 3.192740e-46
4.676167e+03 3.207364e-46
4.686950e+03 3.222055e-46
4.697758e+03 3.236815e-46
4.708591e+03 3.251642e-46
4.719449e+03 3.266539e-46
4.730332e+03 3.281504e-46
4.741240e+03 3.296539e-46
4.752174e+03 3.311643e-46
4.763132e+03 3.326817e-46
4.774116e+03 3.342061e-46
4.785125e+03 3.357381e-46
4.796160e+03 3.372762e-46
4.807220e+03 3.388218e-46
4.818305e+03 3.403746e-46
4.829416e+03 3.419347e-46
4.840553e+03 3.435019e-46
4.851715e+03 3.450764e-46
4.862903e+03 3.466581e-46
4.874117e+03 3.482473e-46
4.885357e+03 3.498437e-46
4.896623e+03 3.514475e-46
4.907914e+03 3.530588e-46
4.919232e+03 3.546775e-46
4.930576e+03 3.563037e-46
4.941946e+03 3.579375e-46
4.953342e+03 3.595787e-46
4.964764e+03 3.612276e-46
4.976213e+03 3.628842e-46
4.987688e+03 3.645483e-46
4.999190e+03 3.662202e-46
5.010718e+03 3.678998e-46
5.022273e+03 3.695872e-46
5.033854e+03 3.712824e-46
5.045462e+03 3.729854e-46
5.057097e+03 3.746964e-46
5.068759e+03 3.764152e-46
5.080448e+03 3.781420e-46
5.092163e+03 3.798768e-46
5.103906e+03 3.816196e-46
5.115675e+03 3.833705e-46
5.127472e+03 3.851300e-46
5.139296e+03 3.868967e-46
5.151147e+03 3.886719e-46
5.163026e+03 3.904554e-46
5.174932e+03 3.922472e-46
5.186865e+03 3.940473e-46
5.198826e+03 3.958557e-46
5.210815e+03 3.976724e-46
5.222831e+03 3.994976e-46
5.234875e+03 4.013313e-46
5.246947e+03 4.031734e-46
5.259046e+03 4.050240e-46
5.271173e+03 4.068832e-46
5.283329e+03 4.087510e-46
5.295512e+03 4.106275e-46
5.307724e+03 4.125126e-46
5.319963e+03 4.144065e-46
5.332231e+03 4.163091e-46
5.344527e+03 4.182206e-46
5.356852e+03 4.201411e-46
5.369205e+03 4.220701e-46
5.381586e+03 4.240081e-46
5.393996e+03 4.259552e-46
5.406435e+03 4.279113e-46
5.418902e+03 4.298764e-46
5.431398e+03 4.318507e-46
5.443923e+03 4.338341e-46
5.456477e+03 4.358267e-46
5.469059e+03 4.378286e-46
5.481671e+03 4.398395e-46
5.494312e+03 4.418599e-46
5.506982e+03 4.438896e-46
5.519681e+03 4.459287e-46
5.532409e+03 4.479772e-46
5.545167e+03 4.500352e-46
5.557954e+03 4.521028e-46
5.570771e+03 4.541799e-46
5.583617e+03 4.562667e-46
5.596493e+03 4.583631e-46
5.609399e+03 4.604692e-46
5.622334e+03 4.625851e-46
5.635299e+03 4.647108e-46
5.648294e+03 4.668463e-46
5.661319e+03 4.689916e-46
5.674374e+03 4.711470e-46
5.687459e+03 4.733123e-46
5.700575e+03 4.754876e-46
5.713720e+03 4.776731e-46
5.726896e+03 4.798687e-46
5.740102e+03 4.820742e-46
5.753339e+03 4.842901e-46
5.766606e+03 4.865163e-46
5.779904e+03 4.887527e-46
5.793233e+03 4.909996e-46
5.806592e+03 4.932568e-46
5.819982e+03 4.955245e-46
5.833403e+03 4.978027e-46
5.846855e+03 5.000917e-46
5.860338e+03 5.023907e-46
5.873852e+03 5.047007e-46
5.887397e+03 5.070214e-46
5.900973e+03 5.093528e-46
5.914581e+03 5.116950e-46
5.928220e+03 5.140481e-46
5.941891e+03 5.164120e-46
5.955592e+03 5.187869e-46
5.969326e+03 5.211728e-46
5.983092e+03 5.235698e-46
5.996889e+03 5.259778e-46
6.010717e+03 5.283970e-46
6.024578e+03 5.308274e-46
6.038471e+03 5.332691e-46
6.052396e+03 5.357220e-46
6.066352e+03 5.381864e-46
6.080342e+03 5.406621e-46
6.094363e+03 5.431493e-46
6.108417e+03 5.456713e-46
6.122503e+03 5.481584e-46
6.136621e+03 5.506803e-46
6.150772e+03 5.532139e-46
6.164956e+03 5.557593e-46
6.179172e+03 5.583164e-46
6.193422e+03 5.608854e-46
6.207704e+03 5.634662e-46
6.222019e+03 5.660591e-46
6.236367e+03 5.686639e-46
6.250748e+03 5.712808e-46
6.265162e+03 5.739104e-46
6.279610e+03 5.765511e-46
6.294090e+03 5.792045e-46
6.308605e+03 5.818703e-46
6.323152e+03 5.845484e-46
6.337734e+03 5.872388e-46
6.352348e+03 5.899418e-46
6.366997e+03 5.926573e-46
6.381679e+03 5.953853e-46
6.396395e+03 5.981260e-46
6.411146e+03 6.008794e-46
6.425930e+03 6.036456e-46
6.440748e+03 6.064246e-46
6.455600e+03 6.092164e-46
6.470487e+03 6.120212e-46
6.485408e+03 6.148389e-46
6.500364e+03 6.176698e-46
6.515353e+03 6.205137e-46
6.530378e+03 6.233709e-46
6.545437e+03 6.262412e-46
6.560531e+03 6.291248e-46
6.575659e+03 6.320219e-46
6.590823e+03 6.349323e-46
6.606021e+03 6.378562e-46
6.621255e+03 6.407937e-46
6.636524e+03 6.437448e-46
6.651828e+03 6.467096e-46
6.667167e+03 6.496881e-46
6.682541e+03 6.526804e-46
6.697951e+03 6.556865e-46
6.713397e+03 6.587066e-46
6.728878e+03 6.617407e-46
6.744395e+03 6.647889e-46
6.759947e+03 6.678512e-46
6.775536e+03 6.709276e-46
6.791160e+03 6.740184e-46
6.806821e+03 6.771235e-46
6.822517e+03 6.802429e-46
6.838250e+03 6.833768e-46
6.854019e+03 6.865253e-46
6.869825e+03 6.896883e-46
6.885667e+03 6.928660e-46
6.901545e+03 6.960584e-46
6.917460e+03 6.992656e-46
6.933412e+03 7.024877e-46
6.949400e+03 7.057247e-46
6.965426e+03 7.089767e-46
6.981488e+03 7.122438e-46
6.997587e+03 7.155261e-46
7.013724e+03 7.188235e-46
7.029897e+03 7.221363e-46
7.046108e+03 7.254643e-46
7.062357e+03 7.288078e-46
7.078643e+03 7.321669e-46
7.094966e+03 7.355415e-46
7.111327e+03 7.389317e-46
7.127726e+03 7.423377e-46
7.144162e+03 7.457594e-46
7.160637e+03 7.491970e-46
7.177149e+03 7.526506e-46
7.193700e+03 7.561202e-46
7.210289e+03 7.596058e-46
7.226916e+03 7.631076e-46
7.243581e+03 7.666257e-46
7.260285e+03 7.701600e-46
7.277027e+03 7.737108e-46
7.293808e+03 7.772780e-46
7.310627e+03 7.808617e-46
7.327486e+03 7.844621e-46
7.344383e+03 7.880792e-46
7.361319e+03 7.917131e-46
7.378294e+03 7.953637e-46
7.395309e+03 7.990313e-46
7.412363e+03 8.027160e-46
7.429456e+03 8.064177e-46
7.446588e+03 8.101366e-46
7.463760e+03 8.138727e-46
7.480971e+03 8.176262e-46
7.498222e+03 8.213970e-46
7.515513e+03 8.251854e-46
7.532844e+03 8.289914e-46
7.550215e+03 8.328149e-46
7.567626e+03 8.366563e-46
7.585077e+03 8.405154e-46
7.602568e+03 8.443925e-46
7.620100e+03 8.482875e-46
7.637672e+03 8.522005e-46
7.655284e+03 8.561318e-46
7.672937e+03 8.600813e-46
7.690631e+03 8.640491e-46
7.708366e+03 8.680353e-46
7.726141e+03 8.720400e-46
7.743958e+03 8.760633e-46
7.761816e+03 8.801052e-46
7.779714e+03 8.841659e-46
7.797654e+03 8.882455e-46
7.815636e+03 8.923439e-46
7.833659e+03 8.964614e-46
7.851723e+03 9.005980e-46
7.869829e+03 9.047538e-46
7.887977e+03 9.089288e-46
7.906167e+03 9.131232e-46
7.924399e+03 9.173371e-46
7.942672e+03 9.215706e-46
7.960988e+03 9.258237e-46
7.979346e+03 9.300965e-46
7.997747e+03 9.343892e-46
8.016190e+03 9.387018e-46
8.034675e+03 9.430344e-46
8.053203e+03 9.473874e-46
8.071774e+03 9.517600e-46
8.090387e+03 9.561532e-46
8.109044e+03 9.605668e-46
8.127743e+03 9.650009e-46
8.146486e+03 9.694555e-46
8.165272e+03 9.739308e-46
8.184101e+03 9.784270e-46
8.202974e+03 9.829440e-46
8.221890e+03 9.874819e-46
8.240850e+03 9.920409e-46
8.259853e+03 9.966211e-46
8.278900e+03 1.001222e-45
8.297992e+03 1.005845e-45
8.317127e+03 1.010490e-45
8.336306e+03 1.015155e-45
8.355530e+03 1.019843e-45
8.374798e+03 1.024552e-45
8.394110e+03 1.029283e-45
8.413467e+03 1.034036e-45
8.432868e+03 1.038811e-45
8.452315e+03 1.043609e-45
8.471806e+03 1.048428e-45
8.491342e+03 1.053270e-45
8.510923e+03 1.058135e-45
8.530549e+03 1.063022e-45
8.550221e+03 1.067932e-45
8.569938e+03 1.072864e-45
8.589700e+03 1.077820e-45
8.609508e+03 1.082798e-45
8.629361e+03 1.087800e-45
8.649261e+03 1.092824e-45
8.669206e+03 1.097872e-45
8.689197e+03 1.102944e-45
8.709235e+03 1.108039e-45
8.729318e+03 1.113158e-45
8.749448e+03 1.118301e-45
8.769624e+03 1.123467e-45
8.789847e+03 1.128658e-45
8.810117e+03 1.133872e-45
8.830433e+03 1.139111e-45
8.850796e+03 1.144374e-45
8.871206e+03 1.149662e-45
8.891663e+03 1.154974e-45
8.912167e+03 1.160311e-45
8.932719e+03 1.165672e-45
8.953318e+03 1.171059e-45
8.973964e+03 1.176471e-45
8.994658e+03 1.181907e-45
9.015400e+03 1.187369e-45
9.036190e+03 1.192857e-45
9.057027e+03 1.198370e-45
9.077913e+03 1.203908e-45
9.098846e+03 1.209472e-45
9.119828e+03 1.215062e-45
9.140859e+03 1.220678e-45
9.161938e+03 1.226321e-45
9.183065e+03 1.231989e-45
9.204241e+03 1.237684e-45
9.225466e+03 1.243405e-45
9.246740e+03 1.249153e-45
9.268063e+03 1.254927e-45
9.289436e+03 1.260729e-45
9.310857e+03 1.266557e-45
9.332328e+03 1.272412e-45
9.353849e+03 1.278295e-45
9.375418e+03 1.284205e-45
9.397038e+03 1.290142e-45
9.418708e+03 1.296107e-45
9.440428e+03 1.302100e-45
9.462197e+03 1.308121e-45
9.484017e+03 1.314170e-45
9.505887e+03 1.320246e-45
9.527808e+03 1.326351e-45
9.549779e+03 1.332485e-45
9.571801e+03 1.338647e-45
9.593874e+03 1.344837e-45
9.615997e+03 1.351057e-45
9.638172e+03 1.357305e-45
9.660397e+03 1.363583e-45
9.682674e+03 1.369889e-45
9.705003e+03 1.376225e-45
9.727383e+03 1.382591e-45
9.749814e+03 1.388986e-45
9.772297e+03 1.395411e-45
9.794832e+03 1.401865e-45
9.817419e+03 1.408350e-45
9.840058e+03 1.414865e-45
9.862749e+03 1.421410e-45
9.885493e+03 1.427986e-45
9.908289e+03 1.434592e-45
9.931138e+03 1.441229e-45
9.954039e+03 1.447897e-45
9.976993e+03 1.454596e-45
1.000000e+04 1.461326e-45
