1.000000000E+00 1.546763415E-33
1.003075858E+00 1.383515208E-33
1.006161177E+00 1.239043810E-33
1.009255986E+00 1.110986431E-33
1.012360314E+00 9.973059602E-34
1.015474190E+00 8.962418598E-34
1.018597645E+00 8.062691376E-34
1.021730706E+00 7.260639394E-34
1.024873405E+00 6.544746132E-34
1.028025770E+00 5.904973024E-34
1.031187831E+00 5.332553005E-34
1.034359618E+00 4.819815381E-34
1.037541161E+00 4.360036880E-34
1.040732491E+00 3.947314651E-34
1.043933636E+00 3.576462750E-34
1.047144628E+00 3.242905193E-34
1.050365496E+00 2.942608953E-34
1.053596271E+00 2.672011573E-34
1.056836983E+00 2.427961704E-34
1.060087664E+00 2.207667911E-34
1.063348343E+00 2.008654363E-34
1.066619051E+00 1.828722399E-34
1.069899820E+00 1.665917140E-34
1.073190680E+00 1.518498422E-34
1.076491662E+00 1.384915470E-34
1.079802797E+00 1.263784929E-34
1.083124117E+00 1.153871657E-34
1.086455653E+00 1.054070182E-34
1.089797436E+00 9.633920330E-35
1.093149498E+00 8.809517776E-35
1.096511871E+00 8.059555417E-35
1.099884586E+00 7.376908972E-35
1.103267674E+00 6.755179447E-35
1.106661169E+00 6.188614387E-35
1.110065102E+00 5.672038265E-35
1.113479504E+00 5.200790868E-35
1.116904409E+00 4.770672695E-35
1.120339848E+00 4.377896294E-35
1.123785855E+00 4.019043699E-35
1.127242460E+00 3.691028397E-35
1.130709698E+00 3.391060476E-35
1.134187600E+00 3.116616740E-35
1.137676200E+00 2.865413689E-35
1.141175531E+00 2.635383408E-35
1.144685624E+00 2.424652021E-35
1.148206515E+00 2.231520434E-35
1.151738235E+00 2.054447108E-35
1.155280818E+00 1.892032621E-35
1.158834298E+00 1.743005834E-35
1.162398707E+00 1.606211385E-35
1.165974081E+00 1.480598792E-35
1.169560451E+00 1.365212341E-35
1.173157853E+00 1.259181979E-35
1.176766320E+00 1.161715296E-35
1.180385886E+00 1.072090232E-35
1.184016585E+00 9.896485087E-36
1.187658452E+00 9.137897130E-36
1.191311521E+00 8.439659516E-36
1.194975826E+00 7.796770290E-36
1.198651402E+00 7.204660911E-36
1.202338283E+00 6.659156865E-36
1.206036505E+00 6.156449029E-36
1.209746102E+00 5.693040798E-36
1.213467109E+00 5.265737892E-36
1.217199562E+00 4.871618131E-36
1.220943495E+00 4.508005842E-36
1.224698943E+00 4.172450125E-36
1.228465943E+00 3.862705118E-36
1.232244530E+00 3.576712081E-36
1.236034739E+00 3.312583123E-36
1.239836606E+00 3.068586406E-36
1.243650168E+00 2.843132687E-36
1.247475459E+00 2.634763017E-36
1.251312516E+00 2.442136219E-36
1.255161376E+00 2.264022873E-36
1.259022074E+00 2.099291928E-36
1.262894647E+00 1.946903657E-36
1.266779131E+00 1.805901898E-36
1.270675564E+00 1.675406990E-36
1.274583982E+00 1.554609277E-36
1.278504421E+00 1.442763138E-36
1.282436919E+00 1.339181462E-36
1.286381513E+00 1.243230495E-36
1.290338239E+00 1.154324992E-36
1.294307137E+00 1.071936176E-36
1.298288241E+00 9.956028572E-37
1.302281592E+00 9.248414395E-37
1.306287225E+00 8.592320650E-37
1.310305179E+00 7.983873943E-37
1.314335491E+00 7.419499770E-37
1.318378201E+00 6.895898391E-37
1.322433345E+00 6.410022696E-37
1.326500962E+00 5.959057884E-37
1.330581090E+00 5.540402783E-37
1.334673769E+00 5.151652695E-37
1.338779036E+00 4.790583600E-37
1.342896930E+00 4.455356830E-37
1.347027490E+00 4.144159910E-37
1.351170755E+00 3.855024319E-37
1.355326764E+00 3.586331789E-37
1.359495557E+00 3.336585056E-37
1.363677172E+00 3.104398450E-37
1.367871649E+00 2.888489229E-37
1.372079028E+00 2.687669616E-37
1.376299349E+00 2.500839464E-37
1.380532650E+00 2.326979507E-37
1.384778972E+00 2.165145148E-37
1.389038356E+00 2.014460745E-37
1.393310840E+00 1.874479371E-37
1.397596466E+00 1.744298151E-37
1.401895275E+00 1.623071327E-37
1.406207305E+00 1.510156300E-37
1.410532599E+00 1.404957277E-37
1.414871197E+00 1.306921794E-37
1.419223140E+00 1.215537499E-37
1.423588469E+00 1.130329208E-37
1.427967225E+00 1.050856187E-37
1.432359449E+00 9.767096544E-38
1.436765183E+00 9.075104937E-38
1.441184469E+00 8.429071461E-38
1.445617347E+00 7.830696884E-38
1.450063861E+00 7.272831061E-38
1.454524051E+00 6.752204949E-38
1.458997961E+00 6.266226804E-38
1.463485631E+00 5.812494344E-38
1.467987105E+00 5.388781590E-38
1.472502425E+00 4.993026731E-38
1.477031633E+00 4.623320928E-38
1.481574773E+00 4.277897963E-38
1.486131886E+00 3.955124658E-38
1.490703017E+00 3.653491977E-38
1.495288208E+00 3.372201640E-38
1.499887502E+00 3.113478336E-38
1.504500943E+00 2.872066691E-38
1.509128574E+00 2.646845650E-38
1.513770439E+00 2.436777778E-38
1.518426582E+00 2.240903085E-38
1.523097046E+00 2.058333166E-38
1.527781876E+00 1.888245635E-38
1.532481116E+00 1.729878810E-38
1.537194811E+00 1.582526630E-38
1.541923003E+00 1.445533788E-38
1.546665739E+00 1.318291063E-38
1.551423064E+00 1.201281485E-38
1.556195021E+00 1.094795369E-38
1.560981655E+00 9.962607364E-39
1.565783013E+00 9.051926289E-39
1.570599139E+00 8.211346968E-39
1.575430079E+00 7.436564678E-39
1.580275878E+00 6.723508813E-39
1.585136582E+00 6.068320900E-39
1.590012237E+00 5.467335317E-39
1.594902889E+00 4.917062671E-39
1.599808584E+00 4.414175802E-39
1.604729368E+00 3.955498285E-39
1.609665287E+00 3.545238890E-39
1.614616389E+00 3.177478386E-39
1.619582720E+00 2.843467424E-39
1.624564326E+00 2.540657366E-39
1.629561255E+00 2.266636246E-39
1.634573554E+00 2.019124611E-39
1.639601270E+00 1.795971899E-39
1.644644451E+00 1.595153174E-39
1.649703143E+00 1.414766062E-39
1.654777396E+00 1.253027721E-39
1.659867256E+00 1.108271750E-39
1.664972772E+00 9.789449388E-40
1.670093992E+00 8.663847162E-40
1.675230964E+00 7.666272450E-40
1.680383736E+00 6.776507897E-40
1.685552358E+00 5.983999762E-40
1.690736877E+00 5.279065716E-40
1.695937344E+00 4.652844977E-40
1.701153806E+00 4.097248597E-40
1.706386314E+00 3.604910185E-40
1.711634916E+00 3.169137372E-40
1.716899661E+00 2.783864327E-40
1.722180601E+00 2.443605589E-40
1.727477784E+00 2.143411470E-40
1.732791260E+00 1.886354505E-40
1.738121080E+00 1.659201514E-40
1.743467293E+00 1.458606829E-40
1.748829951E+00 1.281598471E-40
1.754209103E+00 1.125515115E-40
1.759604801E+00 9.879771561E-41
1.765017096E+00 8.668599080E-41
1.770446038E+00 7.602688705E-41
1.775891678E+00 6.665169802E-41
1.781354069E+00 5.841037529E-41
1.786833261E+00 5.116962187E-41
1.792329306E+00 4.484577160E-41
1.797842256E+00 3.940340886E-41
1.803372164E+00 3.461187732E-41
1.808919080E+00 3.039496673E-41
1.814483059E+00 2.668512030E-41
1.820064151E+00 2.342249707E-41
1.825662409E+00 2.055412853E-41
1.831277888E+00 1.803316104E-41
1.836910638E+00 1.581817654E-41
1.842560714E+00 1.387258426E-41
1.848228170E+00 1.216407675E-41
1.853913057E+00 1.066414404E-41
1.859615430E+00 9.360510461E-42
1.865335343E+00 8.229990489E-42
1.871072849E+00 7.235028222E-42
1.876828004E+00 6.359535271E-42
1.882600860E+00 5.589305590E-42
1.888391473E+00 4.911799675E-42
1.894199897E+00 4.315952776E-42
1.900026187E+00 3.792004559E-42
1.905870397E+00 3.331347942E-42
1.911732584E+00 2.926395006E-42
1.917612802E+00 2.570458151E-42
1.923511106E+00 2.257644795E-42
1.929427553E+00 1.986362351E-42
1.935362198E+00 1.749296704E-42
1.941315097E+00 1.540443046E-42
1.947286307E+00 1.356462469E-42
1.953275883E+00 1.194408276E-42
1.959283882E+00 1.051680377E-42
1.965310361E+00 9.259849018E-43
1.971355376E+00 8.152984656E-43
1.977418985E+00 7.178365489E-43
1.983501245E+00 6.320255329E-43
1.989602213E+00 5.564779713E-43
1.995721947E+00 4.899707301E-43
2.001860504E+00 4.323389621E-43
2.008017943E+00 3.816271680E-43
2.014194321E+00 3.368812959E-43
2.020389696E+00 2.974013968E-43
2.026604128E+00 2.625692754E-43
2.032837675E+00 2.318389965E-43
2.039090395E+00 2.047284858E-43
2.045362347E+00 1.808120990E-43
2.051653591E+00 1.597140511E-43
2.057964186E+00 1.411026046E-43
2.064294191E+00 1.246849315E-43
2.070643667E+00 1.102217865E-43
2.077012673E+00 9.765028120E-44
2.083401269E+00 8.653643099E-44
2.089809515E+00 7.671110563E-44
2.096237472E+00 6.802474342E-44
2.102685201E+00 6.034509617E-44
2.109152762E+00 5.355523267E-44
2.115640216E+00 4.755177134E-44
2.122147625E+00 4.224331586E-44
2.128675050E+00 3.754907064E-44
2.135222552E+00 3.339761548E-44
2.141790193E+00 2.972582132E-44
2.148378035E+00 2.649185097E-44
2.154986141E+00 2.365801468E-44
2.161614572E+00 2.114573277E-44
2.168263392E+00 1.891814282E-44
2.174932662E+00 1.694260652E-44
2.181622446E+00 1.519022698E-44
2.188332806E+00 1.363542099E-44
2.195063807E+00 1.225554003E-44
2.201815512E+00 1.103053445E-44
2.208587983E+00 9.942655986E-45
2.215381286E+00 8.976194199E-45
2.222195484E+00 8.117242977E-45
2.229030642E+00 7.358412557E-45
2.235886824E+00 6.686821877E-45
2.242764094E+00 6.088016437E-45
2.249662518E+00 5.553791280E-45
2.256582160E+00 5.076872003E-45
2.263523086E+00 4.650809345E-45
2.270485362E+00 4.269885683E-45
2.277469052E+00 3.929032098E-45
2.284474223E+00 3.623754813E-45
2.291500941E+00 3.350069948E-45
2.298549273E+00 3.104445666E-45
2.305619284E+00 2.883750858E-45
2.312711041E+00 2.686665137E-45
2.319824612E+00 2.509405407E-45
2.326960063E+00 2.349272793E-45
2.334117461E+00 2.204399672E-45
2.341296875E+00 2.073127450E-45
2.348498372E+00 1.953983089E-45
2.355722019E+00 1.845658273E-45
2.362967885E+00 1.746990904E-45
2.370236039E+00 1.656948674E-45
2.377526548E+00 1.574614480E-45
2.384839482E+00 1.499173481E-45
2.392174910E+00 1.429901601E-45
2.399532900E+00 1.366555122E-45
2.406913522E+00 1.308089360E-45
2.414316846E+00 1.253988960E-45
2.421742942E+00 1.203815588E-45
2.429191879E+00 1.157178794E-45
2.436663728E+00 1.113730695E-45
2.444158560E+00 1.073161242E-45
2.451676444E+00 1.035194024E-45
2.459217453E+00 9.995825289E-46
2.466781656E+00 9.661068256E-46
2.474369126E+00 9.345706160E-46
2.481979934E+00 9.048157836E-46
2.489614152E+00 8.767398528E-46
2.497271851E+00 8.501112689E-46
2.504953105E+00 8.242974752E-46
2.512657985E+00 7.994589423E-46
2.520386564E+00 7.757852660E-46
2.528138915E+00 7.531854251E-46
2.535915111E+00 7.315776378E-46
2.543715226E+00 7.108883504E-46
2.551539332E+00 6.910513385E-46
2.559387505E+00 6.720069084E-46
2.567259817E+00 6.537011869E-46
2.575156344E+00 6.360939721E-46
2.583077159E+00 6.191427783E-46
2.591022337E+00 6.027933052E-46
2.598991954E+00 5.870100525E-46
2.606986084E+00 5.717606995E-46
2.615004803E+00 5.570157702E-46
2.623048186E+00 5.427483349E-46
2.631116310E+00 5.289337451E-46
2.639209250E+00 5.155493967E-46
2.647327082E+00 5.025745195E-46
2.655469884E+00 4.899899898E-46
2.663637733E+00 4.777781627E-46
2.671830704E+00 4.659256098E-46
2.680048875E+00 4.544153607E-46
2.688292325E+00 4.432314195E-46
2.696561130E+00 4.323608798E-46
2.704855369E+00 4.217916907E-46
2.713175120E+00 4.115125757E-46
2.721520461E+00 4.015129612E-46
2.729891472E+00 3.917829113E-46
2.738288230E+00 3.823130710E-46
2.746710816E+00 3.730946139E-46
2.755159308E+00 3.641191964E-46
2.763633787E+00 3.553804118E-46
2.772134332E+00 3.468719200E-46
2.780661023E+00 3.385838517E-46
2.789213941E+00 3.305092492E-46
2.797793167E+00 3.226416764E-46
2.806398782E+00 3.149749823E-46
2.815030866E+00 3.075032803E-46
2.823689501E+00 3.002209289E-46
2.832374768E+00 2.931225148E-46
2.841086751E+00 2.862036989E-46
2.849825530E+00 2.794597166E-46
2.858591189E+00 2.728846196E-46
2.867383809E+00 2.664737772E-46
2.876203474E+00 2.602229264E-46
2.885050268E+00 2.541274714E-46
2.893924272E+00 2.481832460E-46
2.902825572E+00 2.423862215E-46
2.911754251E+00 2.367324986E-46
2.920710394E+00 2.312183019E-46
2.929694084E+00 2.258399732E-46
2.938705407E+00 2.205939667E-46
2.947744447E+00 2.154768435E-46
2.956811290E+00 2.104852668E-46
2.965906022E+00 2.056159983E-46
2.975028727E+00 2.008659082E-46
2.984179493E+00 1.962319629E-46
2.993358405E+00 1.917111476E-46
3.002565551E+00 1.873005804E-46
3.011801016E+00 1.829974592E-46
3.021064888E+00 1.787990594E-46
3.030357254E+00 1.747027310E-46
3.039678203E+00 1.707058960E-46
3.049027821E+00 1.668060465E-46
3.058406197E+00 1.630007417E-46
3.067813420E+00 1.592876066E-46
3.077249579E+00 1.556643291E-46
3.086714761E+00 1.521286653E-46
3.096209057E+00 1.486784229E-46
3.105732557E+00 1.453114615E-46
3.115285349E+00 1.420257050E-46
3.124867524E+00 1.388191317E-46
3.134479173E+00 1.357382057E-46
3.144120385E+00 1.327299369E-46
3.153791253E+00 1.297919067E-46
3.163491867E+00 1.269224421E-46
3.173222318E+00 1.241199125E-46
3.182982699E+00 1.213827290E-46
3.192773102E+00 1.187093431E-46
3.202593619E+00 1.160982479E-46
3.212444342E+00 1.135479709E-46
3.222325364E+00 1.110570776E-46
3.232236779E+00 1.086241712E-46
3.242178680E+00 1.062478899E-46
3.252151161E+00 1.039269061E-46
3.262154316E+00 1.016599250E-46
3.272188240E+00 9.944568323E-47
3.282253026E+00 9.728294744E-47
3.292348770E+00 9.517051216E-47
3.302475567E+00 9.310719779E-47
3.312633513E+00 9.109184789E-47
3.322822703E+00 8.912332679E-47
3.333043233E+00 8.720051357E-47
3.343295201E+00 8.532230018E-47
3.353578702E+00 8.348758612E-47
3.363893834E+00 8.169527364E-47
3.374240693E+00 7.994426351E-47
3.384619378E+00 7.823345218E-47
3.395029987E+00 7.656173147E-47
3.405472617E+00 7.492799209E-47
3.415947367E+00 7.333113224E-47
3.426454335E+00 7.177007148E-47
3.436993622E+00 7.024376941E-47
3.447565326E+00 6.875124646E-47
3.458169547E+00 6.729160229E-47
3.468806386E+00 6.586402920E-47
3.479475941E+00 6.446781481E-47
3.490178315E+00 6.310233404E-47
3.500913608E+00 6.176703172E-47
3.511681921E+00 6.046139967E-47
3.522483355E+00 5.918495325E-47
3.533318014E+00 5.793721121E-47
3.544185998E+00 5.671768153E-47
3.555087411E+00 5.552585364E-47
3.566022355E+00 5.436119620E-47
3.576990933E+00 5.322315899E-47
3.587993249E+00 5.211117707E-47
3.599029406E+00 5.102467606E-47
3.610099510E+00 4.996307743E-47
3.621203663E+00 4.892580316E-47
3.632341971E+00 4.791227961E-47
3.643514539E+00 4.692194060E-47
3.654721472E+00 4.595422956E-47
3.665962876E+00 4.500860115E-47
3.677238857E+00 4.408452217E-47
3.688549521E+00 4.318147217E-47
3.699894976E+00 4.229894371E-47
3.711275327E+00 4.143644237E-47
3.722690683E+00 4.059348660E-47
3.734141150E+00 3.976960754E-47
3.745626838E+00 3.896434872E-47
3.757147854E+00 3.817726567E-47
3.768704307E+00 3.740792563E-47
3.780296306E+00 3.665590717E-47
3.791923961E+00 3.592079979E-47
3.803587380E+00 3.520220363E-47
3.815286675E+00 3.449972909E-47
3.827021954E+00 3.381299652E-47
3.838793330E+00 3.314163592E-47
3.850600913E+00 3.248528658E-47
3.862444815E+00 3.184359688E-47
3.874325146E+00 3.121622395E-47
3.886242020E+00 3.060283346E-47
3.898195548E+00 3.000309931E-47
3.910185844E+00 2.941670346E-47
3.922213020E+00 2.884333568E-47
3.934277190E+00 2.828269328E-47
3.946378468E+00 2.773448100E-47
3.958516968E+00 2.719841071E-47
3.970692804E+00 2.667420130E-47
3.982906091E+00 2.616157841E-47
3.995156944E+00 2.566027433E-47
4.007445479E+00 2.517002778E-47
4.019771812E+00 2.469058375E-47
4.032136059E+00 2.422169335E-47
4.044538337E+00 2.376311362E-47
4.056978762E+00 2.331460743E-47
4.069457453E+00 2.287594327E-47
4.081974526E+00 2.244689517E-47
4.094530099E+00 2.202724251E-47
4.107124292E+00 2.161676990E-47
4.119757223E+00 2.121526706E-47
4.132429011E+00 2.082252867E-47
4.145139776E+00 2.043835425E-47
4.157889637E+00 2.006254807E-47
4.170678715E+00 1.969491898E-47
4.183507130E+00 1.933528033E-47
4.196375004E+00 1.898344983E-47
4.209282457E+00 1.863924947E-47
4.222229612E+00 1.830250539E-47
4.235216590E+00 1.797304778E-47
4.248243515E+00 1.765071078E-47
4.261310509E+00 1.733533239E-47
4.274417694E+00 1.702675434E-47
4.287565196E+00 1.672482203E-47
4.300753137E+00 1.642979391E-47
4.313981643E+00 1.614264843E-47
4.327250838E+00 1.586167338E-47
4.340560847E+00 1.558672824E-47
4.353911795E+00 1.531767568E-47
4.367303809E+00 1.505438151E-47
4.380737016E+00 1.479671457E-47
4.394211540E+00 1.454454666E-47
4.407727511E+00 1.429775246E-47
4.421285054E+00 1.405621552E-47
4.434884299E+00 1.381983499E-47
4.448525373E+00 1.358846829E-47
4.462208405E+00 1.336200088E-47
4.475933525E+00 1.314032077E-47
4.489700860E+00 1.292331838E-47
4.503510542E+00 1.271088656E-47
4.517362701E+00 1.250292043E-47
4.531257467E+00 1.229931742E-47
4.545194971E+00 1.209997712E-47
4.559175345E+00 1.190460780E-47
4.573198721E+00 1.171332550E-47
4.587265231E+00 1.152603812E-47
4.601375007E+00 1.134265179E-47
4.615528183E+00 1.116307462E-47
4.629724892E+00 1.098721673E-47
4.643965268E+00 1.081499012E-47
4.658249445E+00 1.064630865E-47
4.672577559E+00 1.048108799E-47
4.686949744E+00 1.031924557E-47
4.701366135E+00 1.016070049E-47
4.715826870E+00 1.000537355E-47
4.730332083E+00 9.853187132E-48
4.744881913E+00 9.704065199E-48
4.759476495E+00 9.557933241E-48
4.774115969E+00 9.414718239E-48
4.788800471E+00 9.274348629E-48
4.803530141E+00 9.136754265E-48
4.818305118E+00 9.001866390E-48
4.833125540E+00 8.869617605E-48
4.847991547E+00 8.739941841E-48
4.862903281E+00 8.612774333E-48
4.877860880E+00 8.488051597E-48
4.892864487E+00 8.365711410E-48
4.907914244E+00 8.245692790E-48
4.923010291E+00 8.127935980E-48
4.938152771E+00 8.012382433E-48
4.953341827E+00 7.898974802E-48
4.968577603E+00 7.787656928E-48
4.983860242E+00 7.678373833E-48
4.999189888E+00 7.571071715E-48
5.014566686E+00 7.465697944E-48
5.029990781E+00 7.362201060E-48
5.045462318E+00 7.260530773E-48
5.060981443E+00 7.160637968E-48
5.076548303E+00 7.062474705E-48
5.092163045E+00 6.965994223E-48
5.107825815E+00 6.871150953E-48
5.123536761E+00 6.777900517E-48
5.139296033E+00 6.686199741E-48
5.155103777E+00 6.596006664E-48
5.170960144E+00 6.507280545E-48
5.186865283E+00 6.419981873E-48
5.202819344E+00 6.334072377E-48
5.218822477E+00 6.249515035E-48
5.234874833E+00 6.166274081E-48
5.250976565E+00 6.084315013E-48
5.267127823E+00 6.003604599E-48
5.283328760E+00 5.924110880E-48
5.299579528E+00 5.845803177E-48
5.315880282E+00 5.768652084E-48
5.332231175E+00 5.692629475E-48
5.348632360E+00 5.617708492E-48
5.365083994E+00 5.543863542E-48
5.381586230E+00 5.471070288E-48
5.398139225E+00 5.399305631E-48
5.414743134E+00 5.328547699E-48
5.431398115E+00 5.258775825E-48
5.448104324E+00 5.189970521E-48
5.464861919E+00 5.122113456E-48
5.481671058E+00 5.055187426E-48
5.498531899E+00 4.989176318E-48
5.515444602E+00 4.924065073E-48
5.532409326E+00 4.859839654E-48
5.549426231E+00 4.796486993E-48
5.566495478E+00 4.733994956E-48
5.583617228E+00 4.672352289E-48
5.600791641E+00 4.611548575E-48
5.618018880E+00 4.551574177E-48
5.635299108E+00 4.492420190E-48
5.652632488E+00 4.434078384E-48
5.670019182E+00 4.376541154E-48
5.687459356E+00 4.319801461E-48
5.704953173E+00 4.263852782E-48
5.722500799E+00 4.208689051E-48
5.740102398E+00 4.154304609E-48
5.757758138E+00 4.100694150E-48
5.775468184E+00 4.047852669E-48
5.793232703E+00 3.995775415E-48
5.811051864E+00 3.944457840E-48
5.828925834E+00 3.893895557E-48
5.846854782E+00 3.844084292E-48
5.864838877E+00 3.795019849E-48
5.882878288E+00 3.746670526E-48
5.900973186E+00 3.698166267E-48
5.919123741E+00 3.650445834E-48
5.937330125E+00 3.603502970E-48
5.955592509E+00 3.557331406E-48
5.973911066E+00 3.511924833E-48
5.992285967E+00 3.467276881E-48
6.010717388E+00 3.423381096E-48
6.029205501E+00 3.380230927E-48
6.047750480E+00 3.337819707E-48
6.066352502E+00 3.296140644E-48
6.085011740E+00 3.255186813E-48
6.103728372E+00 3.214951146E-48
6.122502573E+00 3.175426429E-48
6.141334521E+00 3.136605301E-48
6.160224394E+00 3.098480250E-48
6.179172369E+00 3.061043617E-48
6.198178625E+00 3.024287599E-48
6.217243342E+00 2.988204250E-48
6.236366700E+00 2.952785491E-48
6.255548878E+00 2.918023111E-48
6.274790058E+00 2.883908781E-48
6.294090420E+00 2.850434056E-48
6.313450148E+00 2.817590388E-48
6.332869424E+00 2.785369135E-48
6.352348431E+00 2.753761570E-48
6.371887352E+00 2.722758889E-48
6.391486373E+00 2.692352227E-48
6.411145677E+00 2.662532663E-48
6.430865450E+00 2.633291235E-48
6.450645879E+00 2.604618947E-48
6.470487149E+00 2.576506780E-48
6.490389448E+00 2.548945706E-48
6.510352964E+00 2.521926690E-48
6.530377885E+00 2.495342467E-48
6.550464400E+00 2.469282320E-48
6.570612698E+00 2.443738965E-48
6.590822969E+00 2.418703433E-48
6.611095404E+00 2.394166800E-48
6.631430194E+00 2.370120191E-48
6.651827532E+00 2.346554791E-48
6.672287608E+00 2.323461847E-48
6.692810617E+00 2.300832679E-48
6.713396752E+00 2.278440120E-48
6.734046207E+00 2.256491131E-48
6.754759176E+00 2.234984541E-48
6.775535856E+00 2.213911961E-48
6.796376441E+00 2.193265103E-48
6.817281130E+00 2.173035780E-48
6.838250118E+00 2.153215912E-48
6.859283604E+00 2.133797527E-48
6.880381786E+00 2.114772768E-48
6.901544863E+00 2.096133893E-48
6.922773035E+00 2.077873276E-48
6.944066501E+00 2.059983416E-48
6.965425463E+00 2.042456929E-48
6.986850122E+00 2.025286559E-48
7.008340681E+00 2.008465175E-48
7.029897341E+00 1.991985772E-48
7.051520307E+00 1.975841475E-48
7.073209782E+00 1.960025537E-48
7.094965970E+00 1.944531344E-48
7.116789078E+00 1.929352412E-48
7.138679310E+00 1.914482389E-48
7.160636873E+00 1.899915058E-48
7.182661975E+00 1.885644334E-48
7.204754823E+00 1.871664269E-48
7.226915625E+00 1.857969048E-48
7.249144591E+00 1.844552994E-48
7.271441930E+00 1.831410566E-48
7.293807852E+00 1.818536361E-48
7.316242569E+00 1.805925113E-48
7.338746292E+00 1.793571696E-48
7.361319233E+00 1.781471123E-48
7.383961605E+00 1.769618545E-48
7.406673622E+00 1.758009253E-48
7.429455498E+00 1.746638676E-48
7.452307448E+00 1.735502383E-48
7.475229687E+00 1.724596073E-48
7.498222432E+00 1.713915581E-48
7.521285899E+00 1.703456865E-48
7.544420306E+00 1.693216002E-48
7.567625871E+00 1.683189174E-48
7.590902813E+00 1.673372657E-48
7.614251352E+00 1.663762796E-48
7.637671707E+00 1.654355978E-48
7.661164100E+00 1.645148601E-48
7.684728753E+00 1.636137023E-48
7.708365887E+00 1.627317508E-48
7.732075725E+00 1.618686157E-48
7.755858492E+00 1.610238826E-48
7.779714411E+00 1.601971027E-48
7.803643707E+00 1.593877826E-48
7.827646606E+00 1.585953730E-48
7.851723335E+00 1.578192578E-48
7.875874121E+00 1.570587450E-48
7.900099191E+00 1.563130609E-48
7.924398774E+00 1.555813499E-48
7.948773099E+00 1.548626815E-48
7.973222396E+00 1.541560681E-48
7.997746895E+00 1.534604927E-48
8.022346828E+00 1.527749473E-48
8.047022428E+00 1.520984797E-48
8.071773925E+00 1.514302428E-48
8.096601555E+00 1.507695418E-48
8.121505552E+00 1.501158707E-48
8.146486149E+00 1.494689328E-48
8.171543583E+00 1.488286420E-48
8.196678090E+00 1.481951042E-48
8.221889908E+00 1.475685823E-48
8.247179273E+00 1.469494506E-48
8.272546425E+00 1.463381461E-48
8.297991603E+00 1.457351214E-48
8.323515046E+00 1.451408063E-48
8.349116996E+00 1.445555784E-48
8.374797694E+00 1.439797445E-48
8.400557382E+00 1.434135319E-48
8.426396303E+00 1.428570869E-48
8.452314701E+00 1.423104792E-48
8.478312820E+00 1.417737101E-48
8.504390906E+00 1.412467217E-48
8.530549204E+00 1.407294076E-48
8.556787962E+00 1.402216223E-48
8.583107426E+00 1.397231906E-48
8.609507845E+00 1.392339153E-48
8.635989468E+00 1.387535835E-48
8.662552545E+00 1.382819725E-48
8.689197326E+00 1.378188537E-48
8.715924063E+00 1.373639960E-48
8.742733007E+00 1.369171689E-48
8.769624412E+00 1.364781436E-48
8.796598531E+00 1.360466951E-48
8.823655618E+00 1.356226028E-48
8.850795929E+00 1.352056513E-48
8.878019720E+00 1.347956309E-48
8.905327248E+00 1.343923374E-48
8.932718769E+00 1.339955728E-48
8.960194543E+00 1.336051448E-48
8.987754829E+00 1.332208669E-48
9.015399886E+00 1.328425582E-48
9.043129975E+00 1.324700431E-48
9.070945358E+00 1.321031515E-48
9.098846298E+00 1.317417181E-48
9.126833056E+00 1.313855825E-48
9.154905898E+00 1.310345889E-48
9.183065088E+00 1.306885859E-48
9.211310892E+00 1.303474261E-48
9.239643576E+00 1.300109664E-48
9.268063407E+00 1.296790672E-48
9.296570653E+00 1.293515927E-48
9.325165584E+00 1.290284106E-48
9.353848469E+00 1.287093918E-48
9.382619578E+00 1.283944104E-48
9.411479183E+00 1.280833435E-48
9.440427556E+00 1.277760712E-48
9.469464970E+00 1.274724763E-48
9.498591699E+00 1.271724442E-48
9.527808018E+00 1.268758631E-48
9.557114202E+00 1.265826235E-48
9.586510527E+00 1.262926182E-48
9.615997272E+00 1.260057425E-48
9.645574713E+00 1.257218938E-48
9.675243131E+00 1.254409715E-48
9.705002804E+00 1.251628773E-48
9.734854014E+00 1.248875147E-48
9.764797042E+00 1.246147893E-48
9.794832171E+00 1.243446085E-48
9.824959683E+00 1.240768814E-48
9.855179864E+00 1.238115189E-48
9.885492997E+00 1.235536186E-48
9.915899369E+00 1.232994225E-48
9.946399267E+00 1.230471686E-48
9.976992978E+00 1.227967767E-48
1.000768079E+01 1.225483120E-48
1.003846300E+01 1.223019653E-48
1.006933988E+01 1.220572191E-48
1.010031174E+01 1.218140003E-48
1.013137886E+01 1.215722369E-48
1.016254155E+01 1.213318585E-48
1.019380008E+01 1.210927956E-48
1.022515476E+01 1.208549802E-48
1.025660589E+01 1.206183455E-48
1.028815375E+01 1.203828257E-48
1.031979865E+01 1.201483562E-48
1.035154088E+01 1.199148735E-48
1.038338075E+01 1.196823155E-48
1.041531856E+01 1.194506207E-48
1.044735460E+01 1.192197290E-48
1.047948917E+01 1.189895812E-48
1.051172259E+01 1.187601192E-48
1.054405516E+01 1.185312859E-48
1.057648718E+01 1.183030250E-48
1.060901895E+01 1.180752815E-48
1.064165078E+01 1.178480011E-48
1.067438299E+01 1.176211304E-48
1.070721588E+01 1.173946173E-48
1.074014975E+01 1.171684100E-48
1.077318492E+01 1.169424582E-48
1.080632171E+01 1.167167122E-48
1.083956042E+01 1.164911230E-48
1.087290137E+01 1.162656429E-48
1.090634487E+01 1.160402246E-48
1.093989124E+01 1.158148220E-48
1.097354079E+01 1.155893895E-48
1.100729384E+01 1.153638827E-48
1.104115071E+01 1.151382577E-48
1.107511172E+01 1.149124715E-48
1.110917720E+01 1.146864820E-48
1.114334745E+01 1.144602476E-48
1.117762280E+01 1.142337280E-48
1.121200358E+01 1.140068831E-48
1.124649011E+01 1.137796740E-48
1.128108272E+01 1.135520624E-48
1.131578172E+01 1.133240108E-48
1.135058746E+01 1.130954824E-48
1.138550026E+01 1.128664413E-48
1.142052044E+01 1.126368522E-48
1.145564834E+01 1.124066808E-48
1.149088428E+01 1.121758934E-48
1.152622861E+01 1.119444569E-48
1.156168165E+01 1.117123395E-48
1.159724374E+01 1.114795095E-48
1.163291522E+01 1.112459366E-48
1.166869641E+01 1.110115908E-48
1.170458766E+01 1.107764432E-48
1.174058931E+01 1.105404655E-48
1.177670170E+01 1.103036305E-48
1.181292516E+01 1.100659114E-48
1.184926004E+01 1.098272826E-48
1.188570668E+01 1.095877192E-48
1.192226542E+01 1.093471970E-48
1.195893662E+01 1.091056931E-48
1.199572061E+01 1.088631851E-48
1.203261774E+01 1.086196518E-48
1.206962836E+01 1.083750727E-48
1.210675283E+01 1.081294284E-48
1.214399148E+01 1.078827007E-48
1.218134467E+01 1.076348722E-48
1.221881276E+01 1.073859266E-48
1.225639609E+01 1.071358490E-48
1.229409502E+01 1.068846253E-48
1.233190991E+01 1.066322429E-48
1.236984112E+01 1.063786905E-48
1.240788899E+01 1.061239580E-48
1.244605389E+01 1.058680370E-48
1.248433619E+01 1.056109205E-48
1.252273623E+01 1.053526030E-48
1.256125439E+01 1.050930812E-48
1.259989102E+01 1.048323531E-48
1.263864650E+01 1.045704191E-48
1.267752118E+01 1.043072817E-48
1.271651543E+01 1.040429457E-48
1.275562963E+01 1.037774185E-48
1.279486413E+01 1.035107103E-48
1.283421932E+01 1.032428342E-48
1.287369555E+01 1.029738069E-48
1.291329321E+01 1.027036487E-48
1.295301267E+01 1.024323839E-48
1.299285429E+01 1.021600414E-48
1.303281847E+01 1.018866553E-48
1.307290557E+01 1.016122651E-48
1.311311597E+01 1.013369171E-48
1.315345005E+01 1.010606644E-48
1.319390819E+01 1.007835686E-48
1.323449078E+01 1.005057003E-48
1.327519819E+01 1.002271411E-48
1.331603082E+01 9.994798459E-49
1.335698904E+01 9.966833854E-49
1.339807324E+01 9.938832706E-49
1.343928381E+01 9.910809332E-49
1.348062114E+01 9.882780279E-49
1.352208561E+01 9.854764714E-49
1.356367763E+01 9.826784911E-49
1.360539757E+01 9.798866831E-49
1.364724584E+01 9.771040854E-49
1.368922283E+01 9.743342678E-49
1.373132894E+01 9.715814449E-49
1.377356455E+01 9.688506178E-49
1.381593008E+01 9.661477554E-49
1.385842592E+01 9.634800253E-49
1.390105247E+01 9.608560936E-49
1.394381013E+01 9.582865163E-49
1.398669931E+01 9.557842559E-49
1.402972041E+01 9.533653725E-49
1.407287384E+01 9.510499588E-49
1.411616000E+01 9.488634232E-49
1.415957930E+01 9.468382794E-49
1.420313216E+01 9.450166806E-49
1.424681897E+01 9.434540813E-49
1.429064016E+01 9.422246332E-49
1.433459614E+01 9.414293271E-49
1.437868732E+01 9.412086018E-49
1.442291412E+01 9.417624595E-49
1.446727696E+01 9.433836670E-49
1.451177625E+01 9.465147618E-49
1.455641241E+01 9.518505590E-49
1.460118587E+01 9.605328979E-49
1.464609704E+01 9.745460734E-49
1.469114635E+01 9.975885235E-49
1.473633423E+01 1.037205438E-48
1.478166110E+01 1.110770238E-48
1.482712739E+01 1.265711134E-48
1.487273353E+01 1.668995367E-48
1.491847995E+01 3.182815340E-48
1.496436707E+01 8.612805228E-48
1.501039534E+01 3.557728802E-48
1.505656518E+01 1.710575088E-48
1.510287704E+01 1.248104805E-48
1.514933134E+01 1.074690013E-48
1.519592853E+01 9.913491483E-49
1.524266905E+01 9.443125369E-49
1.528955334E+01 9.145500174E-49
1.533658183E+01 8.940055268E-49
1.538375498E+01 8.788094944E-49
1.543107322E+01 8.669206174E-49
1.547853701E+01 8.571813293E-49
1.552614679E+01 8.488963928E-49
1.557390301E+01 8.416282663E-49
1.562180613E+01 8.350907027E-49
1.566985658E+01 8.290902195E-49
1.571805484E+01 8.234923425E-49
1.576640134E+01 8.182013378E-49
1.581489655E+01 8.131476128E-49
1.586354093E+01 8.082796438E-49
1.591233493E+01 8.035586647E-49
1.596127901E+01 7.989550894E-49
1.601037363E+01 7.944460504E-49
1.605961927E+01 7.900136736E-49
1.610901638E+01 7.856438474E-49
1.615856542E+01 7.813253320E-49
1.620826687E+01 7.770491050E-49
1.625812120E+01 7.728078740E-49
1.630812887E+01 7.685957107E-49
1.635829036E+01 7.644077713E-49
1.640860614E+01 7.602400820E-49
1.645907668E+01 7.560893726E-49
1.650970246E+01 7.519529461E-49
1.656048396E+01 7.478285758E-49
1.661142166E+01 7.437144233E-49
1.666251603E+01 7.396089729E-49
1.671376756E+01 7.355109789E-49
1.676517674E+01 7.314194225E-49
1.681674404E+01 7.273334770E-49
1.686846995E+01 7.232524788E-49
1.692035497E+01 7.191759036E-49
1.697239958E+01 7.151033472E-49
1.702460427E+01 7.110345086E-49
1.707696953E+01 7.069691767E-49
1.712949587E+01 7.029072186E-49
1.718218376E+01 6.988485700E-49
1.723503372E+01 6.947932269E-49
1.728804623E+01 6.907412388E-49
1.734122181E+01 6.866927030E-49
1.739456094E+01 6.826477591E-49
1.744806414E+01 6.786065854E-49
1.750173191E+01 6.745693949E-49
1.755556475E+01 6.705364323E-49
1.760956317E+01 6.665079715E-49
1.766372769E+01 6.624843137E-49
1.771805880E+01 6.584657853E-49
1.777255704E+01 6.544527365E-49
1.782722290E+01 6.504455404E-49
1.788205690E+01 6.464445921E-49
1.793705957E+01 6.424503079E-49
1.799223142E+01 6.384631253E-49
1.804757296E+01 6.344835030E-49
1.810308473E+01 6.305119207E-49
1.815876725E+01 6.265488799E-49
1.821462104E+01 6.225949049E-49
1.827064663E+01 6.186505433E-49
1.832684454E+01 6.147163677E-49
1.838321531E+01 6.107929779E-49
1.843975947E+01 6.068810022E-49
1.849647755E+01 6.029811011E-49
1.855337009E+01 5.990939697E-49
1.861043762E+01 5.952203423E-49
1.866768068E+01 5.913609966E-49
1.872509981E+01 5.875167593E-49
1.878269556E+01 5.836885133E-49
1.884046846E+01 5.798772051E-49
1.889841907E+01 5.760838544E-49
1.895654792E+01 5.723095659E-49
1.901485557E+01 5.685555430E-49
1.907334256E+01 5.648231044E-49
1.913200946E+01 5.611137043E-49
1.919085680E+01 5.574289576E-49
1.924988515E+01 5.537706698E-49
1.930909506E+01 5.501408746E-49
1.936848709E+01 5.465418807E-49
1.942806181E+01 5.429763296E-49
1.948781977E+01 5.394472690E-49
1.954776153E+01 5.359582455E-49
1.960788767E+01 5.325134236E-49
1.966819875E+01 5.291177388E-49
1.972869533E+01 5.257770982E-49
1.978937800E+01 5.224986432E-49
1.985024731E+01 5.192911017E-49
1.991130385E+01 5.161652619E-49
1.997254820E+01 5.131346213E-49
2.003398092E+01 5.102162885E-49
2.009560260E+01 5.074322558E-49
2.015741381E+01 5.048112306E-49
2.021941516E+01 5.023913211E-49
2.028160720E+01 5.002240687E-49
2.034399055E+01 4.983806535E-49
2.040656577E+01 4.969617232E-49
2.046933347E+01 4.961134759E-49
2.053229423E+01 4.960549749E-49
2.059544865E+01 4.971265953E-49
2.065879733E+01 4.998804084E-49
2.072234085E+01 5.052592171E-49
2.078607983E+01 5.149774608E-49
2.085001486E+01 5.324041826E-49
2.091414654E+01 5.648290888E-49
2.097847549E+01 6.299638836E-49
2.104300230E+01 7.758381238E-49
2.110772758E+01 1.115735039E-48
2.117265195E+01 1.456758982E-48
2.123777602E+01 1.058046862E-48
2.130310040E+01 7.235315376E-49
2.136862572E+01 5.823399720E-49
2.143435257E+01 5.174915487E-49
2.150028160E+01 4.829137402E-49
2.156641341E+01 4.619883948E-49
2.163274863E+01 4.479729271E-49
2.169928789E+01 4.377899801E-49
2.176603182E+01 4.298924780E-49
2.183298104E+01 4.234399671E-49
2.190013619E+01 4.179463687E-49
2.196749790E+01 4.131157709E-49
2.203506680E+01 4.087601943E-49
2.210284354E+01 4.047558670E-49
2.217082874E+01 4.010187666E-49
2.223902306E+01 3.974903357E-49
2.230742714E+01 3.941288216E-49
2.237604162E+01 3.909038518E-49
2.244486714E+01 3.877929387E-49
2.251390436E+01 3.847791689E-49
2.258315394E+01 3.818496414E-49
2.265261651E+01 3.789943904E-49
2.272229274E+01 3.762056283E-49
2.279218328E+01 3.734772056E-49
2.286228880E+01 3.708042189E-49
2.293260995E+01 3.681827230E-49
2.300314741E+01 3.656095166E-49
2.307390182E+01 3.630819809E-49
2.314487386E+01 3.605979568E-49
2.321606421E+01 3.581556508E-49
2.328747352E+01 3.557535611E-49
2.335910248E+01 3.533904210E-49
2.343095176E+01 3.510651532E-49
2.350302204E+01 3.487768342E-49
2.357531400E+01 3.465246652E-49
2.364782832E+01 3.443079494E-49
2.372056568E+01 3.421260728E-49
2.379352677E+01 3.399784890E-49
2.386671228E+01 3.378647070E-49
2.394012289E+01 3.357842803E-49
2.401375931E+01 3.337367990E-49
2.408762222E+01 3.317218822E-49
2.416171233E+01 3.297391725E-49
2.423603032E+01 3.277883306E-49
2.431057691E+01 3.258690319E-49
2.438535279E+01 3.239809622E-49
2.446035867E+01 3.221238156E-49
2.453559526E+01 3.202972912E-49
2.461106326E+01 3.185010919E-49
2.468676340E+01 3.167349221E-49
2.476269638E+01 3.149984863E-49
2.483886291E+01 3.132914883E-49
2.491526373E+01 3.116136296E-49
2.499189954E+01 3.099646089E-49
2.506877107E+01 3.083441213E-49
2.514587905E+01 3.067518575E-49
2.522322420E+01 3.051875038E-49
2.530080726E+01 3.036507413E-49
2.537862894E+01 3.021412453E-49
2.545669000E+01 3.006586857E-49
2.553499116E+01 2.992027263E-49
2.561353317E+01 2.977730245E-49
2.569231676E+01 2.963692315E-49
2.577134268E+01 2.949909916E-49
2.585061166E+01 2.936379427E-49
2.593012447E+01 2.923097154E-49
2.600988185E+01 2.910059337E-49
2.608988455E+01 2.897262140E-49
2.617013333E+01 2.884701655E-49
2.625062895E+01 2.872373898E-49
2.633137215E+01 2.860274810E-49
2.641236371E+01 2.848400251E-49
2.649360439E+01 2.836746003E-49
2.657509495E+01 2.825307765E-49
2.665683617E+01 2.814081154E-49
2.673882881E+01 2.803061700E-49
2.682107365E+01 2.792244846E-49
2.690357146E+01 2.781625951E-49
2.698632303E+01 2.771200280E-49
2.706932912E+01 2.760963011E-49
2.715259053E+01 2.750909230E-49
2.723610805E+01 2.741033934E-49
2.731988244E+01 2.731332025E-49
2.740391452E+01 2.721798320E-49
2.748820507E+01 2.712427542E-49
2.757275488E+01 2.703214330E-49
2.765756476E+01 2.694153235E-49
2.774263550E+01 2.685238728E-49
2.782796791E+01 2.676465199E-49
2.791356278E+01 2.667826965E-49
2.799942094E+01 2.659318271E-49
2.808554318E+01 2.650933301E-49
2.817193032E+01 2.642666177E-49
2.825858318E+01 2.634510975E-49
2.834550256E+01 2.626461723E-49
2.843268930E+01 2.618512418E-49
2.852014421E+01 2.610657028E-49
2.860786813E+01 2.602889508E-49
2.869586187E+01 2.595203803E-49
2.878412626E+01 2.587593865E-49
2.887266214E+01 2.580053659E-49
2.896147035E+01 2.572577179E-49
2.905055172E+01 2.565158453E-49
2.913990709E+01 2.557791563E-49
2.922953730E+01 2.550470648E-49
2.931944321E+01 2.543189923E-49
2.940962565E+01 2.535943688E-49
2.950008548E+01 2.528726340E-49
2.959082355E+01 2.521532382E-49
2.968184072E+01 2.514356439E-49
2.977313785E+01 2.507193268E-49
2.986471579E+01 2.500037764E-49
2.995657541E+01 2.492884975E-49
3.004871759E+01 2.485730112E-49
3.014114317E+01 2.478568553E-49
3.023385305E+01 2.471395856E-49
3.032684808E+01 2.464207765E-49
3.042012916E+01 2.457000219E-49
3.051369716E+01 2.449769355E-49
3.060755295E+01 2.442511515E-49
3.070169744E+01 2.435223252E-49
3.079613150E+01 2.427901334E-49
3.089085602E+01 2.420542744E-49
3.098587191E+01 2.413144688E-49
3.108118005E+01 2.405704590E-49
3.117678134E+01 2.398220100E-49
3.127267669E+01 2.390689087E-49
3.136886701E+01 2.383109643E-49
3.146535318E+01 2.375480082E-49
3.156213614E+01 2.367798934E-49
3.165921679E+01 2.360064945E-49
3.175659604E+01 2.352277074E-49
3.185427482E+01 2.344434488E-49
3.195225404E+01 2.336536556E-49
3.205053464E+01 2.328582848E-49
3.214911753E+01 2.320573126E-49
3.224800365E+01 2.312507338E-49
3.234719393E+01 2.304385615E-49
3.244668930E+01 2.296208258E-49
3.254649071E+01 2.287975740E-49
3.264659909E+01 2.279688689E-49
3.274701539E+01 2.271347889E-49
3.284774056E+01 2.262954266E-49
3.294877554E+01 2.254508883E-49
3.305012129E+01 2.246012932E-49
3.315177877E+01 2.237467728E-49
3.325374893E+01 2.228874694E-49
3.335603274E+01 2.220235363E-49
3.345863116E+01 2.211551362E-49
3.356154516E+01 2.202824407E-49
3.366477570E+01 2.194056296E-49
3.376832377E+01 2.185248901E-49
3.387219034E+01 2.176404160E-49
3.397637638E+01 2.167524070E-49
3.408088289E+01 2.158610677E-49
3.418571084E+01 2.149666076E-49
3.429086123E+01 2.140692398E-49
3.439633505E+01 2.131691805E-49
3.450213329E+01 2.122666486E-49
3.460825695E+01 2.113618647E-49
3.471470703E+01 2.104550510E-49
3.482148454E+01 2.095464304E-49
3.492859048E+01 2.086362261E-49
3.503602586E+01 2.077246611E-49
3.514379170E+01 2.068119579E-49
3.525188901E+01 2.058983376E-49
3.536031882E+01 2.049840200E-49
3.546908213E+01 2.040692231E-49
3.557817999E+01 2.031541624E-49
3.568761342E+01 2.022390510E-49
3.579738345E+01 2.013240989E-49
3.590749112E+01 2.004095132E-49
3.601793746E+01 1.994954975E-49
3.612872352E+01 1.985822514E-49
3.623985034E+01 1.976699712E-49
3.635131897E+01 1.967588485E-49
3.646313046E+01 1.958490712E-49
3.657528587E+01 1.949408224E-49
3.668778625E+01 1.940342810E-49
3.680063267E+01 1.931296209E-49
3.691382619E+01 1.922270115E-49
3.702736788E+01 1.913266175E-49
3.714125880E+01 1.904285984E-49
3.725550004E+01 1.895331089E-49
3.737009266E+01 1.886402988E-49
3.748503776E+01 1.877503128E-49
3.760033641E+01 1.868632908E-49
3.771598970E+01 1.859793674E-49
3.783199873E+01 1.850986725E-49
3.794836458E+01 1.842213308E-49
3.806508836E+01 1.833474623E-49
3.818217117E+01 1.824771817E-49
3.829961410E+01 1.816105994E-49
3.841741827E+01 1.807478206E-49
3.853558479E+01 1.798889458E-49
3.865411478E+01 1.790340710E-49
3.877300935E+01 1.781832875E-49
3.889226961E+01 1.773366820E-49
3.901189671E+01 1.764943370E-49
3.913189176E+01 1.756563303E-49
3.925225590E+01 1.748227357E-49
3.937299027E+01 1.739936227E-49
3.949409599E+01 1.731690567E-49
3.961557422E+01 1.723490991E-49
3.973742610E+01 1.715338076E-49
3.985965278E+01 1.707232358E-49
3.998225541E+01 1.699174338E-49
4.010523514E+01 1.691164480E-49
4.022859315E+01 1.683203214E-49
4.035233059E+01 1.675290935E-49
4.047644862E+01 1.667428006E-49
4.060094843E+01 1.659614757E-49
4.072583118E+01 1.651851489E-49
4.085109805E+01 1.644138471E-49
4.097675023E+01 1.636475945E-49
4.110278889E+01 1.628864125E-49
4.122921523E+01 1.621303197E-49
4.135603044E+01 1.613793323E-49
4.148323571E+01 1.606334639E-49
4.161083225E+01 1.598927259E-49
4.173882126E+01 1.591571275E-49
4.186720395E+01 1.584266757E-49
4.199598152E+01 1.577013755E-49
4.212515519E+01 1.569812301E-49
4.225472618E+01 1.562662410E-49
4.238469572E+01 1.555564082E-49
4.251506502E+01 1.548517303E-49
4.264583532E+01 1.541522047E-49
4.277700785E+01 1.534578280E-49
4.290858385E+01 1.527685963E-49
4.304056456E+01 1.520845053E-49
4.317295122E+01 1.514055513E-49
4.330574509E+01 1.507317314E-49
4.343894741E+01 1.500630449E-49
4.357255944E+01 1.493994943E-49
4.370658244E+01 1.487410875E-49
4.384101768E+01 1.480878409E-49
4.397586642E+01 1.474397838E-49
4.411112994E+01 1.467969658E-49
4.424680951E+01 1.461594697E-49
4.438290641E+01 1.455274330E-49
4.451942193E+01 1.449010878E-49
4.465635735E+01 1.442808396E-49
4.479371396E+01 1.436674316E-49
4.493149306E+01 1.430623280E-49
4.506969595E+01 1.424687131E-49
4.520832393E+01 1.418945791E-49
4.534737831E+01 1.413647975E-49
4.548686041E+01 1.409891653E-49
4.562677153E+01 1.415876054E-49
4.576711299E+01 1.411955946E-49
4.590788613E+01 1.392156970E-49
4.604909227E+01 1.384058673E-49
4.619073273E+01 1.377649727E-49
4.633280887E+01 1.371686784E-49
4.647532200E+01 1.365908707E-49
4.661827349E+01 1.360235695E-49
4.676166468E+01 1.354636973E-49
4.690549692E+01 1.349098615E-49
4.704977156E+01 1.343613512E-49
4.719448998E+01 1.338177657E-49
4.733965352E+01 1.332788590E-49
4.748526357E+01 1.327444681E-49
4.763132150E+01 1.322144767E-49
4.777782868E+01 1.316887966E-49
4.792478649E+01 1.311673568E-49
4.807219633E+01 1.306500973E-49
4.822005957E+01 1.301369653E-49
4.836837763E+01 1.296279130E-49
4.851715188E+01 1.291228961E-49
4.866638375E+01 1.286218724E-49
4.881607463E+01 1.281248020E-49
4.896622595E+01 1.276316457E-49
4.911683910E+01 1.271423657E-49
4.926791552E+01 1.266569248E-49
4.941945663E+01 1.261752864E-49
4.957146386E+01 1.256974146E-49
4.972393864E+01 1.252232735E-49
4.987688241E+01 1.247528281E-49
5.003029661E+01 1.242860431E-49
5.018418270E+01 1.238228840E-49
5.033854212E+01 1.233633164E-49
5.049337632E+01 1.229073060E-49
5.064868677E+01 1.224548188E-49
5.080447494E+01 1.220058213E-49
5.096074229E+01 1.215602798E-49
5.111749029E+01 1.211181611E-49
5.127472043E+01 1.206794322E-49
5.143243419E+01 1.202440601E-49
5.159063305E+01 1.198120124E-49
5.174931851E+01 1.193832567E-49
5.190849206E+01 1.189577607E-49
5.206815521E+01 1.185354926E-49
5.222830945E+01 1.181164206E-49
5.238895631E+01 1.177005133E-49
5.255009730E+01 1.172877395E-49
5.271173394E+01 1.168780682E-49
5.287386774E+01 1.164714686E-49
5.303650025E+01 1.160679102E-49
5.319963299E+01 1.156673628E-49
5.336326750E+01 1.152697963E-49
5.352740533E+01 1.148751810E-49
5.369204803E+01 1.144834873E-49
5.385719714E+01 1.140946860E-49
5.402285423E+01 1.137087481E-49
5.418902085E+01 1.133256448E-49
5.435569858E+01 1.129453476E-49
5.452288899E+01 1.125678282E-49
5.469059365E+01 1.121930586E-49
5.485881415E+01 1.118210112E-49
5.502755207E+01 1.114516584E-49
5.519680900E+01 1.110849730E-49
5.536658654E+01 1.107209280E-49
5.553688630E+01 1.103594967E-49
5.570770987E+01 1.100006528E-49
5.587905887E+01 1.096443699E-49
5.605093492E+01 1.092906221E-49
5.622333963E+01 1.089393839E-49
5.639627464E+01 1.085906297E-49
5.656974157E+01 1.082443344E-49
5.674374206E+01 1.079004732E-49
5.691827775E+01 1.075590212E-49
5.709335028E+01 1.072199543E-49
5.726896132E+01 1.068832482E-49
5.744511251E+01 1.065488790E-49
5.762180551E+01 1.062168231E-49
5.779904200E+01 1.058870571E-49
5.797682365E+01 1.055595579E-49
5.815515212E+01 1.052343026E-49
5.833402911E+01 1.049112686E-49
5.851345629E+01 1.045904335E-49
5.869343537E+01 1.042717750E-49
5.887396804E+01 1.039552714E-49
5.905505600E+01 1.036409010E-49
5.923670097E+01 1.033286423E-49
5.941890464E+01 1.030184741E-49
5.960166875E+01 1.027103756E-49
5.978499502E+01 1.024043260E-49
5.996888517E+01 1.021003048E-49
6.015334094E+01 1.017982917E-49
6.033836407E+01 1.014982668E-49
6.052395631E+01 1.012002103E-49
6.071011940E+01 1.009041027E-49
6.089685511E+01 1.006099245E-49
6.108416518E+01 1.003176566E-49
6.127205140E+01 1.000272803E-49
6.146051552E+01 9.973877678E-50
6.164955934E+01 9.945212761E-50
6.183918462E+01 9.916731457E-50
6.202939317E+01 9.888431963E-50
6.222018677E+01 9.860312498E-50
6.241156723E+01 9.832371301E-50
6.260353634E+01 9.804606635E-50
6.279609593E+01 9.777016779E-50
6.298924780E+01 9.749600037E-50
6.318299378E+01 9.722354729E-50
6.337733569E+01 9.695279197E-50
6.357227537E+01 9.668371805E-50
6.376781466E+01 9.641630932E-50
6.396395540E+01 9.615054980E-50
6.416069944E+01 9.588642370E-50
6.435804864E+01 9.562391540E-50
6.455600485E+01 9.536300949E-50
6.475456995E+01 9.510369073E-50
6.495374581E+01 9.484594407E-50
6.515353430E+01 9.458975466E-50
6.535393732E+01 9.433510780E-50
6.555495675E+01 9.408198900E-50
6.575659448E+01 9.383038393E-50
6.595885242E+01 9.358027842E-50
6.616173248E+01 9.333165851E-50
6.636523658E+01 9.308451038E-50
6.656936662E+01 9.283882040E-50
6.677412453E+01 9.259457510E-50
6.697951225E+01 9.235176117E-50
6.718553172E+01 9.211036547E-50
6.739218487E+01 9.187037501E-50
6.759947365E+01 9.163177699E-50
6.780740003E+01 9.139455874E-50
6.801596596E+01 9.115870776E-50
6.822517341E+01 9.092421169E-50
6.843502435E+01 9.069105834E-50
6.864552077E+01 9.045923567E-50
6.885666464E+01 9.022873179E-50
6.906845796E+01 8.999953493E-50
6.928090272E+01 8.977163351E-50
6.949400094E+01 8.954501606E-50
6.970775461E+01 8.931967127E-50
6.992216576E+01 8.909558797E-50
7.013723641E+01 8.887275511E-50
7.035296859E+01 8.865116181E-50
7.056936432E+01 8.843079731E-50
7.078642566E+01 8.821165097E-50
7.100415465E+01 8.799371230E-50
7.122255335E+01 8.777697095E-50
7.144162380E+01 8.756141666E-50
7.166136809E+01 8.734703935E-50
7.188178828E+01 8.713382904E-50
7.210288645E+01 8.692177585E-50
7.232466468E+01 8.671087008E-50
7.254712508E+01 8.650110210E-50
7.277026973E+01 8.629246243E-50
7.299410074E+01 8.608494170E-50
7.321862022E+01 8.587853066E-50
7.344383030E+01 8.567322017E-50
7.366973309E+01 8.546900120E-50
7.389633072E+01 8.526586486E-50
7.412362534E+01 8.506380233E-50
7.435161908E+01 8.486280495E-50
7.458031410E+01 8.466286411E-50
7.480971255E+01 8.446397137E-50
7.503981660E+01 8.426611835E-50
7.527062841E+01 8.406929679E-50
7.550215017E+01 8.387349853E-50
7.573438406E+01 8.367871554E-50
7.596733227E+01 8.348493984E-50
7.620099699E+01 8.329216359E-50
7.643538043E+01 8.310037904E-50
7.667048480E+01 8.290957852E-50
7.690631232E+01 8.271975449E-50
7.714286522E+01 8.253089946E-50
7.738014571E+01 8.234300607E-50
7.761815605E+01 8.215606704E-50
7.785689847E+01 8.197007519E-50
7.809637523E+01 8.178502340E-50
7.833658858E+01 8.160090468E-50
7.857754080E+01 8.141771210E-50
7.881923415E+01 8.123543882E-50
7.906167092E+01 8.105407810E-50
7.930485339E+01 8.087362328E-50
7.954878385E+01 8.069406777E-50
7.979346461E+01 8.051540507E-50
8.003889797E+01 8.033762877E-50
8.028508625E+01 8.016073252E-50
8.053203177E+01 7.998471008E-50
8.077973686E+01 7.980955527E-50
8.102820386E+01 7.963526198E-50
8.127743510E+01 7.946182419E-50
8.152743295E+01 7.928923594E-50
8.177819975E+01 7.911749137E-50
8.202973788E+01 7.894658468E-50
8.228204970E+01 7.877651013E-50
8.253513759E+01 7.860726207E-50
8.278900395E+01 7.843883491E-50
8.304365117E+01 7.827122314E-50
8.329908164E+01 7.810442131E-50
8.355529778E+01 7.793842404E-50
8.381230201E+01 7.777322602E-50
8.407009674E+01 7.760882201E-50
8.432868442E+01 7.744520683E-50
8.458806747E+01 7.728237536E-50
8.484824835E+01 7.712032256E-50
8.510922951E+01 7.695904344E-50
8.537101341E+01 7.679853307E-50
8.563360252E+01 7.663878660E-50
8.589699932E+01 7.647979922E-50
8.616120628E+01 7.632156620E-50
8.642622591E+01 7.616408285E-50
8.669206071E+01 7.600734456E-50
8.695871317E+01 7.585134675E-50
8.722618582E+01 7.569608492E-50
8.749448118E+01 7.554155463E-50
8.776360177E+01 7.538775148E-50
8.803355014E+01 7.523467114E-50
8.830432884E+01 7.508230932E-50
8.857594041E+01 7.493066180E-50
8.884838742E+01 7.477972440E-50
8.912167244E+01 7.462949302E-50
8.939579804E+01 7.447996358E-50
8.967076682E+01 7.433113210E-50
8.994658136E+01 7.418299466E-50
9.022324426E+01 7.403554743E-50
9.050075815E+01 7.388878685E-50
9.077912562E+01 7.374271014E-50
9.105834932E+01 7.359732018E-50
9.133843186E+01 7.345297577E-50
9.161937590E+01 7.330856301E-50
9.190118409E+01 7.316514382E-50
9.218385908E+01 7.302241637E-50
9.246740353E+01 7.288035228E-50
9.275182013E+01 7.273894587E-50
9.303711155E+01 7.259819323E-50
9.332328049E+01 7.245809080E-50
9.361032964E+01 7.231863516E-50
9.389826172E+01 7.217982298E-50
9.418707943E+01 7.204165098E-50
9.447678551E+01 7.190411593E-50
9.476738268E+01 7.176721462E-50
9.505887369E+01 7.163094393E-50
9.535126128E+01 7.149530074E-50
9.564454821E+01 7.136028201E-50
9.593873726E+01 7.122588470E-50
9.623383118E+01 7.109210585E-50
9.652983278E+01 7.095894250E-50
9.682674483E+01 7.082639178E-50
9.712457014E+01 7.069445080E-50
9.742331152E+01 7.056311676E-50
9.772297179E+01 7.043238687E-50
9.802355377E+01 7.030225839E-50
9.832506030E+01 7.017272860E-50
9.862749421E+01 7.004379485E-50
9.893085838E+01 6.991545450E-50
9.923515564E+01 6.978770495E-50
9.954038888E+01 6.966054365E-50
9.984656098E+01 6.953396807E-50
1.001536748E+02 6.940797573E-50
1.004617333E+02 6.928256418E-50
1.007707393E+02 6.915773100E-50
1.010806958E+02 6.903347381E-50
1.013916057E+02 6.890979027E-50
1.017034718E+02 6.878667807E-50
1.020162973E+02 6.866413493E-50
1.023300849E+02 6.854215861E-50
1.026448377E+02 6.842074691E-50
1.029605586E+02 6.829989765E-50
1.032772507E+02 6.817960870E-50
1.035949168E+02 6.805987794E-50
1.039135601E+02 6.794070331E-50
1.042331834E+02 6.782208278E-50
1.045537899E+02 6.770401433E-50
1.048753825E+02 6.758649599E-50
1.051979643E+02 6.746952584E-50
1.055215383E+02 6.735310195E-50
1.058461075E+02 6.723722247E-50
1.061716751E+02 6.712188555E-50
1.064982441E+02 6.700708938E-50
1.068258176E+02 6.689283220E-50
1.071543986E+02 6.677911226E-50
1.074839903E+02 6.666592787E-50
1.078145958E+02 6.655327733E-50
1.081462182E+02 6.644115903E-50
1.084788606E+02 6.632957134E-50
1.088125262E+02 6.621851269E-50
1.091472181E+02 6.610798155E-50
1.094829394E+02 6.599797640E-50
1.098196934E+02 6.588849579E-50
1.101574831E+02 6.577953825E-50
1.104963119E+02 6.567110241E-50
1.108361829E+02 6.556318687E-50
1.111770992E+02 6.545579031E-50
1.115190642E+02 6.534891143E-50
1.118620810E+02 6.524254896E-50
1.122061529E+02 6.513670168E-50
1.125512830E+02 6.503136839E-50
1.128974748E+02 6.492654793E-50
1.132447314E+02 6.482223920E-50
1.135930561E+02 6.471844110E-50
1.139424522E+02 6.461515259E-50
1.142929230E+02 6.451237267E-50
1.146444718E+02 6.441010038E-50
1.149971019E+02 6.430833479E-50
1.153508167E+02 6.420707501E-50
1.157056194E+02 6.410632022E-50
1.160615134E+02 6.400606960E-50
1.164185022E+02 6.390632240E-50
1.167765889E+02 6.380707791E-50
1.171357771E+02 6.370833548E-50
1.174960701E+02 6.361009447E-50
1.178574714E+02 6.351235432E-50
1.182199842E+02 6.341511451E-50
1.185836121E+02 6.331837458E-50
1.189483584E+02 6.322213410E-50
1.193142267E+02 6.312639271E-50
1.196812203E+02 6.303115011E-50
1.200493427E+02 6.293640605E-50
1.204185974E+02 6.284216034E-50
1.207889879E+02 6.274841285E-50
1.211605177E+02 6.265516353E-50
1.215331903E+02 6.256241237E-50
1.219070091E+02 6.247015946E-50
1.222819777E+02 6.237840493E-50
1.226580997E+02 6.228714902E-50
1.230353786E+02 6.219639203E-50
1.234138180E+02 6.210613434E-50
1.237934213E+02 6.201637642E-50
1.241741923E+02 6.192711883E-50
1.245561345E+02 6.183836223E-50
1.249392515E+02 6.175010737E-50
1.253235468E+02 6.166235512E-50
1.257090243E+02 6.157510645E-50
1.260956874E+02 6.148836245E-50
1.264835398E+02 6.140212432E-50
1.268725852E+02 6.131639340E-50
1.272628272E+02 6.123117118E-50
1.276542696E+02 6.114645928E-50
1.280469160E+02 6.106225946E-50
1.284407701E+02 6.097857368E-50
1.288358357E+02 6.089540404E-50
1.292321164E+02 6.081275284E-50
1.296296161E+02 6.073062259E-50
1.300283383E+02 6.064901597E-50
1.304282870E+02 6.056793594E-50
1.308294659E+02 6.048738564E-50
1.312318788E+02 6.040736852E-50
1.316355294E+02 6.032788827E-50
1.320404216E+02 6.024894888E-50
1.324465592E+02 6.017055468E-50
1.328539460E+02 6.009271032E-50
1.332625858E+02 6.001542082E-50
1.336724826E+02 5.993869160E-50
1.340836402E+02 5.986252852E-50
1.344960624E+02 5.978693788E-50
1.349097532E+02 5.971192651E-50
1.353247164E+02 5.963750175E-50
1.357409560E+02 5.956367156E-50
1.361584759E+02 5.949044454E-50
1.365772801E+02 5.941783003E-50
1.369973724E+02 5.934584003E-50
1.374187568E+02 5.927447947E-50
1.378414374E+02 5.920376578E-50
1.382654181E+02 5.913371029E-50
1.386907029E+02 5.906432673E-50
1.391172958E+02 5.899563019E-50
1.395452008E+02 5.892763710E-50
1.399744220E+02 5.886036536E-50
1.404049635E+02 5.879383450E-50
1.408368292E+02 5.872806582E-50
1.412700233E+02 5.866308265E-50
1.417045498E+02 5.859891048E-50
1.421404128E+02 5.853557732E-50
1.425776166E+02 5.847311388E-50
1.430161651E+02 5.841155398E-50
1.434560625E+02 5.835093488E-50
1.438973129E+02 5.829129772E-50
1.443399206E+02 5.823268799E-50
1.447838897E+02 5.817515614E-50
1.452292244E+02 5.811875820E-50
1.456759289E+02 5.806355653E-50
1.461240073E+02 5.800962073E-50
1.465734640E+02 5.795702866E-50
1.470243032E+02 5.790586762E-50
1.474765290E+02 5.785623579E-50
1.479301459E+02 5.780824390E-50
1.483851580E+02 5.776201720E-50
1.488415697E+02 5.771769781E-50
1.492993852E+02 5.767544755E-50
1.497586089E+02 5.763545130E-50
1.502192451E+02 5.759792108E-50
1.506812982E+02 5.756310104E-50
1.511447724E+02 5.753127344E-50
1.516096723E+02 5.750276610E-50
1.520760021E+02 5.747796155E-50
1.525437663E+02 5.745730843E-50
1.530129692E+02 5.744133572E-50
1.534836154E+02 5.743067076E-50
1.539557092E+02 5.742606218E-50
1.544292551E+02 5.742840919E-50
1.549042575E+02 5.743879978E-50
1.553807210E+02 5.745856044E-50
1.558586500E+02 5.748932212E-50
1.563380491E+02 5.753310848E-50
1.568189227E+02 5.759245557E-50
1.573012755E+02 5.767057646E-50
1.577851118E+02 5.777159118E-50
1.582704364E+02 5.790085354E-50
1.587572538E+02 5.806542426E-50
1.592455686E+02 5.827477082E-50
1.597353853E+02 5.854182711E-50
1.602267087E+02 5.888464152E-50
1.607195433E+02 5.932901925E-50
1.612138938E+02 5.991290951E-50
1.617097648E+02 6.069399216E-50
1.622071611E+02 6.176344123E-50
1.627060872E+02 6.327236852E-50
1.632065480E+02 6.548631227E-50
1.637085482E+02 6.890778389E-50
1.642120924E+02 7.458484331E-50
1.647171855E+02 8.501600577E-50
1.652238322E+02 1.074548949E-49
1.657320372E+02 1.710742202E-49
1.662418054E+02 5.089191322E-49
1.667531416E+02 8.229819994E-46
1.672660506E+02 5.214336752E-49
1.677805372E+02 1.692805432E-49
1.682966063E+02 1.051205322E-49
1.688142627E+02 8.283865012E-50
1.693335114E+02 7.257293475E-50
1.698543572E+02 6.700988514E-50
1.703768051E+02 6.365668500E-50
1.709008600E+02 6.147645334E-50
1.714265267E+02 5.997566351E-50
1.719538104E+02 5.889524930E-50
1.724827159E+02 5.808869088E-50
1.730132482E+02 5.746810227E-50
1.735454124E+02 5.697819677E-50
1.740792134E+02 5.658279842E-50
1.746146563E+02 5.625743901E-50
1.751517462E+02 5.598509489E-50
1.756904881E+02 5.575362944E-50
1.762308871E+02 5.555420408E-50
1.767729483E+02 5.538026036E-50
1.773166767E+02 5.522685030E-50
1.778620777E+02 5.509018508E-50
1.784091561E+02 5.496732463E-50
1.789579174E+02 5.485595984E-50
1.795083665E+02 5.475425724E-50
1.800605087E+02 5.466074643E-50
1.806143493E+02 5.457423740E-50
1.811698934E+02 5.449375898E-50
1.817271462E+02 5.441851239E-50
1.822861131E+02 5.434783599E-50
1.828467993E+02 5.428117988E-50
1.834092101E+02 5.421807575E-50
1.839733507E+02 5.415813845E-50
1.845392266E+02 5.410103483E-50
1.851068431E+02 5.404648240E-50
1.856762054E+02 5.399423917E-50
1.862473191E+02 5.394409695E-50
1.868201894E+02 5.389587587E-50
1.873948217E+02 5.384941995E-50
1.879712216E+02 5.380459341E-50
1.885493943E+02 5.376127764E-50
1.891293455E+02 5.371936871E-50
1.897110805E+02 5.367877529E-50
1.902946048E+02 5.363941683E-50
1.908799240E+02 5.360122216E-50
1.914670435E+02 5.356412820E-50
1.920559690E+02 5.352807890E-50
1.926467058E+02 5.349302438E-50
1.932392597E+02 5.345892012E-50
1.938336363E+02 5.342572629E-50
1.944298410E+02 5.339340725E-50
1.950278796E+02 5.336193099E-50
1.956277576E+02 5.333126876E-50
1.962294808E+02 5.330139464E-50
1.968330548E+02 5.327228530E-50
1.974384853E+02 5.324391965E-50
1.980457781E+02 5.321627865E-50
1.986549387E+02 5.318934507E-50
1.992659731E+02 5.316310328E-50
1.998788869E+02 5.313753914E-50
2.004936860E+02 5.311263981E-50
2.011103761E+02 5.308839365E-50
2.017289630E+02 5.306479005E-50
2.023494527E+02 5.304181943E-50
2.029718508E+02 5.301947303E-50
2.035961634E+02 5.299774292E-50
2.042223963E+02 5.297662189E-50
2.048505554E+02 5.295610338E-50
2.054806466E+02 5.293618146E-50
2.061126759E+02 5.291685071E-50
2.067466492E+02 5.289810625E-50
2.073825725E+02 5.287994366E-50
2.080204518E+02 5.286235891E-50
2.086602932E+02 5.284534841E-50
2.093021026E+02 5.282890889E-50
2.099458861E+02 5.281303743E-50
2.105916499E+02 5.279773141E-50
2.112393999E+02 5.278298851E-50
2.118891422E+02 5.276880664E-50
2.125408831E+02 5.275518399E-50
2.131946287E+02 5.274211894E-50
2.138503851E+02 5.272961012E-50
2.145081585E+02 5.271765631E-50
2.151679551E+02 5.270625651E-50
2.158297812E+02 5.269540987E-50
2.164936429E+02 5.268511571E-50
2.171595466E+02 5.267537349E-50
2.178274986E+02 5.266618281E-50
2.184975050E+02 5.265754342E-50
2.191695723E+02 5.264945516E-50
2.198437068E+02 5.264191802E-50
2.205199148E+02 5.263493207E-50
2.211982027E+02 5.262849751E-50
2.218785769E+02 5.262261461E-50
2.225610439E+02 5.261728376E-50
2.232456101E+02 5.261250542E-50
2.239322819E+02 5.260828013E-50
2.246210658E+02 5.260460853E-50
2.253119682E+02 5.260149130E-50
2.260049958E+02 5.259892923E-50
2.267001551E+02 5.259692316E-50
2.273974526E+02 5.259547399E-50
2.280968948E+02 5.259458268E-50
2.287984885E+02 5.259425028E-50
2.295022401E+02 5.259447785E-50
2.302081564E+02 5.259526654E-50
2.309162440E+02 5.259661755E-50
2.316265096E+02 5.259853212E-50
2.323389598E+02 5.260101154E-50
2.330536014E+02 5.260405715E-50
2.337704412E+02 5.260767034E-50
2.344894859E+02 5.261185254E-50
2.352107422E+02 5.261660523E-50
2.359342171E+02 5.262192991E-50
2.366599172E+02 5.262782815E-50
2.373878495E+02 5.263430155E-50
2.381180208E+02 5.264135173E-50
2.388504380E+02 5.264898038E-50
2.395851080E+02 5.265718919E-50
2.403220378E+02 5.266597992E-50
2.410612342E+02 5.267535435E-50
2.418027043E+02 5.268531429E-50
2.425464551E+02 5.269586158E-50
2.432924935E+02 5.270699812E-50
2.440408267E+02 5.271872582E-50
2.447914616E+02 5.273104662E-50
2.455444054E+02 5.274396250E-50
2.462996651E+02 5.275747548E-50
2.470572479E+02 5.277158760E-50
2.478171609E+02 5.278630092E-50
2.485794112E+02 5.280161755E-50
2.493440062E+02 5.281753962E-50
2.501109529E+02 5.283406930E-50
2.508802587E+02 5.285120877E-50
2.516519307E+02 5.286896027E-50
2.524259763E+02 5.288732603E-50
2.532024028E+02 5.290630833E-50
2.539812174E+02 5.292590950E-50
2.547624275E+02 5.294613186E-50
2.555460406E+02 5.296697778E-50
2.563320639E+02 5.298844965E-50
2.571205049E+02 5.301054991E-50
2.579113711E+02 5.303328100E-50
2.587046698E+02 5.305664540E-50
2.595004086E+02 5.308064564E-50
2.602985950E+02 5.310528424E-50
2.610992365E+02 5.313056378E-50
2.619023407E+02 5.315648686E-50
2.627079151E+02 5.318305611E-50
2.635159673E+02 5.321027419E-50
2.643265050E+02 5.323814379E-50
2.651395357E+02 5.326666762E-50
2.659550673E+02 5.329584845E-50
2.667731073E+02 5.332568905E-50
2.675936635E+02 5.335619225E-50
2.684167436E+02 5.338736088E-50
2.692423553E+02 5.341919784E-50
2.700705066E+02 5.345170604E-50
2.709012051E+02 5.348488844E-50
2.717344587E+02 5.351874800E-50
2.725702753E+02 5.355328778E-50
2.734086628E+02 5.358851081E-50
2.742496290E+02 5.362442034E-50
2.750931819E+02 5.366101911E-50
2.759393294E+02 5.369831070E-50
2.767880796E+02 5.373629821E-50
2.776394404E+02 5.377498489E-50
2.784934199E+02 5.381437408E-50
2.793500261E+02 5.385446914E-50
2.802092671E+02 5.389527348E-50
2.810711510E+02 5.393679059E-50
2.819356859E+02 5.397902400E-50
2.828028800E+02 5.402197730E-50
2.836727415E+02 5.406565416E-50
2.845452786E+02 5.411005830E-50
2.854204994E+02 5.415519353E-50
2.862984123E+02 5.420106375E-50
2.871790256E+02 5.424767293E-50
2.880623475E+02 5.429502515E-50
2.889483863E+02 5.434312459E-50
2.898371505E+02 5.439197555E-50
2.907286484E+02 5.444158246E-50
2.916228884E+02 5.449194990E-50
2.925198790E+02 5.454308258E-50
2.934196286E+02 5.459498542E-50
2.943221457E+02 5.464766353E-50
2.952274388E+02 5.470112225E-50
2.961355165E+02 5.475536716E-50
2.970463873E+02 5.481040417E-50
2.979600597E+02 5.486623949E-50
2.988765426E+02 5.492287976E-50
2.997958443E+02 5.498033203E-50
3.007179738E+02 5.503860393E-50
3.016429395E+02 5.509770367E-50
3.025707504E+02 5.515764022E-50
3.035014150E+02 5.521842343E-50
3.044349423E+02 5.528006418E-50
3.053713409E+02 5.534257464E-50
3.063106198E+02 5.540596847E-50
3.072527877E+02 5.547026125E-50
3.081978536E+02 5.553547084E-50
3.091458265E+02 5.560161798E-50
3.100967151E+02 5.566872700E-50
3.110505285E+02 5.573682677E-50
3.120072758E+02 5.580595199E-50
3.129669658E+02 5.587614488E-50
3.139296078E+02 5.594745749E-50
3.148952106E+02 5.601995491E-50
3.158637836E+02 5.609371978E-50
3.168353357E+02 5.616885868E-50
3.178098762E+02 5.624551155E-50
3.187874142E+02 5.632386558E-50
3.197679590E+02 5.640417652E-50
3.207515198E+02 5.648680202E-50
3.217381060E+02 5.657225576E-50
3.227277267E+02 5.666129819E-50
3.237203913E+02 5.675509579E-50
3.247161092E+02 5.685551459E-50
3.257148899E+02 5.696569541E-50
3.267167426E+02 5.709126833E-50
3.277216769E+02 5.724317038E-50
3.287297022E+02 5.744503809E-50
3.297408281E+02 5.775616990E-50
3.307550640E+02 5.836306730E-50
3.317724196E+02 6.013554814E-50
3.327929044E+02 7.364468636E-50
3.338165281E+02 1.527481518E-49
3.348433004E+02 6.237947475E-50
3.358732308E+02 5.917634245E-50
3.369063291E+02 5.848023605E-50
3.379426051E+02 5.826800295E-50
3.389820686E+02 5.821217079E-50
3.400247293E+02 5.822217768E-50
3.410705970E+02 5.826492894E-50
3.421196817E+02 5.832601500E-50
3.431719933E+02 5.839835161E-50
3.442275416E+02 5.847812981E-50
3.452863366E+02 5.856315575E-50
3.463483883E+02 5.865209508E-50
3.474137068E+02 5.874409962E-50
3.484823020E+02 5.883861024E-50
3.495541840E+02 5.893524704E-50
3.506293630E+02 5.903374529E-50
3.517078492E+02 5.913391650E-50
3.527896525E+02 5.923562408E-50
3.538747834E+02 5.933876754E-50
3.549632520E+02 5.944327210E-50
3.560550685E+02 5.954908156E-50
3.571502433E+02 5.965615342E-50
3.582487867E+02 5.976445543E-50
3.593507091E+02 5.987396311E-50
3.604560208E+02 5.998465797E-50
3.615647323E+02 6.009652622E-50
3.626768541E+02 6.020955782E-50
3.637923966E+02 6.032374584E-50
3.649113703E+02 6.043908626E-50
3.660337858E+02 6.055557845E-50
3.671596538E+02 6.067322870E-50
3.682889847E+02 6.079207688E-50
3.694217893E+02 6.093692207E-50
3.705580783E+02 6.103271709E-50
3.716978623E+02 6.115500445E-50
3.728411521E+02 6.127838672E-50
3.739879585E+02 6.140290858E-50
3.751382923E+02 6.152858187E-50
3.762921644E+02 6.165541330E-50
3.774495857E+02 6.178340831E-50
3.786105670E+02 6.191257209E-50
3.797751193E+02 6.204290977E-50
3.809432536E+02 6.217442661E-50
3.821149810E+02 6.230712799E-50
3.832903123E+02 6.244101943E-50
3.844692589E+02 6.257610660E-50
3.856518317E+02 6.271239528E-50
3.868380420E+02 6.284989140E-50
3.880279008E+02 6.298860099E-50
3.892214195E+02 6.312853021E-50
3.904186093E+02 6.326968530E-50
3.916194815E+02 6.341207262E-50
3.928240474E+02 6.355569863E-50
3.940323184E+02 6.370056984E-50
3.952443058E+02 6.384669290E-50
3.964600211E+02 6.399407450E-50
3.976794759E+02 6.414272142E-50
3.989026814E+02 6.429264053E-50
4.001296494E+02 6.444383876E-50
4.013603914E+02 6.459632312E-50
4.025949189E+02 6.475010068E-50
4.038332437E+02 6.490517858E-50
4.050753774E+02 6.506156405E-50
4.063213317E+02 6.521926435E-50
4.075711184E+02 6.537828684E-50
4.088247493E+02 6.553863891E-50
4.100822361E+02 6.570032805E-50
4.113435908E+02 6.586336185E-50
4.126088253E+02 6.602774773E-50
4.138779514E+02 6.619349353E-50
4.151509812E+02 6.636060692E-50
4.164279266E+02 6.652909568E-50
4.177087998E+02 6.669896766E-50
4.189936127E+02 6.687023078E-50
4.202823775E+02 6.704289301E-50
4.215751064E+02 6.721696238E-50
4.228718116E+02 6.739244701E-50
4.241725052E+02 6.756935506E-50
4.254771996E+02 6.774769475E-50
4.267859070E+02 6.792747437E-50
4.280986398E+02 6.810870229E-50
4.294154104E+02 6.829138694E-50
4.307362312E+02 6.847553679E-50
4.320611147E+02 6.866116041E-50
4.333900733E+02 6.884826644E-50
4.347231196E+02 6.903686356E-50
4.360602661E+02 6.922696055E-50
4.374015256E+02 6.941856624E-50
4.387469105E+02 6.961168956E-50
4.400964337E+02 6.980633950E-50
4.414501078E+02 7.000252514E-50
4.428079456E+02 7.020025563E-50
4.441699600E+02 7.039954021E-50
4.455361637E+02 7.060038822E-50
4.469065696E+02 7.080280909E-50
4.482811907E+02 7.100681234E-50
4.496600400E+02 7.121240760E-50
4.510431304E+02 7.141960462E-50
4.524304750E+02 7.162841328E-50
4.538220869E+02 7.183884359E-50
4.552179791E+02 7.205090569E-50
4.566181650E+02 7.226460992E-50
4.580226576E+02 7.247996678E-50
4.594314702E+02 7.269698701E-50
4.608446161E+02 7.291568159E-50
4.622621087E+02 7.313606177E-50
4.636839613E+02 7.335813919E-50
4.651101873E+02 7.358192587E-50
4.665408002E+02 7.380743437E-50
4.679758134E+02 7.403467787E-50
4.694152405E+02 7.426367039E-50
4.708590951E+02 7.449442694E-50
4.723073908E+02 7.472696392E-50
4.737601412E+02 7.496129949E-50
4.752173601E+02 7.519745424E-50
4.766790612E+02 7.543545213E-50
4.781452583E+02 7.567532178E-50
4.796159652E+02 7.591709865E-50
4.810911958E+02 7.616082821E-50
4.825709639E+02 7.640657130E-50
4.840552837E+02 7.665441299E-50
4.855441690E+02 7.690447807E-50
4.870376338E+02 7.715695968E-50
4.885356924E+02 7.741217530E-50
4.900383588E+02 7.767068459E-50
4.915456472E+02 7.793356226E-50
4.930575718E+02 7.820311142E-50
4.945741468E+02 7.848506856E-50
4.960953866E+02 7.879732775E-50
4.976213056E+02 7.922220684E-50
4.991519180E+02 8.071910091E-50
5.006872384E+02 9.071949394E-50
5.022272812E+02 8.024757413E-50
5.037720610E+02 8.017791960E-50
5.053215923E+02 8.037146309E-50
5.068758897E+02 8.061638825E-50
5.084349680E+02 8.087909216E-50
5.099988417E+02 8.115037335E-50
5.115675257E+02 8.142689451E-50
5.131410347E+02 8.170721448E-50
5.147193836E+02 8.199063273E-50
5.163025873E+02 8.227677901E-50
5.178906608E+02 8.256544564E-50
5.194836189E+02 8.285651133E-50
5.210814767E+02 8.314990368E-50
5.226842493E+02 8.344557930E-50
5.242919518E+02 8.374351285E-50
5.259045993E+02 8.404369058E-50
5.275222072E+02 8.434610648E-50
5.291447906E+02 8.465075976E-50
5.307723648E+02 8.495765338E-50
5.324049452E+02 8.526679291E-50
5.340425471E+02 8.557818588E-50
5.356851861E+02 8.589184129E-50
5.373328777E+02 8.620776922E-50
5.389856373E+02 8.652598065E-50
5.406434805E+02 8.684648722E-50
5.423064231E+02 8.716930113E-50
5.439744806E+02 8.749443504E-50
5.456476688E+02 8.782190199E-50
5.473260035E+02 8.815171534E-50
5.490095006E+02 8.848388874E-50
5.506981758E+02 8.881843608E-50
5.523920452E+02 8.915537147E-50
5.540911246E+02 8.949470923E-50
5.557954302E+02 8.983646386E-50
5.575049780E+02 9.018065003E-50
5.592197841E+02 9.052728257E-50
5.609398647E+02 9.087637646E-50
5.626652361E+02 9.122794684E-50
5.643959144E+02 9.158200898E-50
5.661319161E+02 9.193857830E-50
5.678732574E+02 9.229767034E-50
5.696199549E+02 9.265930077E-50
5.713720249E+02 9.302348541E-50
5.731294841E+02 9.339024019E-50
5.748923490E+02 9.375958116E-50
5.766606362E+02 9.413152453E-50
5.784343624E+02 9.450608659E-50
5.802135443E+02 9.488328380E-50
5.819981988E+02 9.526313271E-50
5.837883425E+02 9.564565002E-50
5.855839926E+02 9.603085254E-50
5.873851657E+02 9.641875721E-50
5.891918791E+02 9.680938110E-50
5.910041496E+02 9.720274142E-50
5.928219944E+02 9.759885548E-50
5.946454306E+02 9.799774076E-50
5.964744755E+02 9.839941483E-50
5.983091463E+02 9.880389542E-50
6.001494602E+02 9.921120039E-50
6.019954347E+02 9.962134774E-50
6.038470871E+02 1.000343556E-49
6.057044350E+02 1.004502423E-49
6.075674958E+02 1.008690262E-49
6.094362871E+02 1.012907259E-49
6.113108265E+02 1.017153601E-49
6.131911318E+02 1.021429478E-49
6.150772206E+02 1.025735080E-49
6.169691108E+02 1.030070600E-49
6.188668201E+02 1.034436233E-49
6.207703665E+02 1.038832174E-49
6.226797680E+02 1.043258623E-49
6.245950425E+02 1.047715782E-49
6.265162081E+02 1.052203855E-49
6.284432830E+02 1.056723051E-49
6.303762852E+02 1.061273581E-49
6.323152331E+02 1.065855663E-49
6.342601450E+02 1.070469521E-49
6.362110391E+02 1.075115390E-49
6.381679339E+02 1.079793512E-49
6.401308478E+02 1.084504151E-49
6.420997993E+02 1.089247593E-49
6.440748071E+02 1.094024160E-49
6.460558897E+02 1.098834234E-49
6.480430658E+02 1.103678293E-49
6.500363542E+02 1.108556982E-49
6.520357737E+02 1.113471254E-49
6.540413431E+02 1.118422682E-49
6.560530814E+02 1.123414195E-49
6.580710075E+02 1.128452107E-49
6.600951404E+02 1.133552844E-49
6.621254993E+02 1.138772633E-49
6.641621033E+02 1.144427293E-49
6.662049716E+02 1.158566877E-49
6.682541234E+02 1.158475901E-49
6.703095782E+02 1.159778165E-49
6.723713552E+02 1.164642117E-49
6.744394740E+02 1.169820138E-49
6.765139540E+02 1.175100064E-49
6.785948148E+02 1.180439713E-49
6.806820761E+02 1.185826347E-49
6.827757574E+02 1.191255168E-49
6.848758787E+02 1.196724129E-49
6.869824596E+02 1.202232316E-49
6.890955200E+02 1.207779335E-49
6.912150800E+02 1.213365059E-49
6.933411594E+02 1.218989505E-49
6.954737783E+02 1.224652774E-49
6.976129568E+02 1.230355019E-49
6.997587152E+02 1.236096425E-49
7.019110736E+02 1.241877200E-49
7.040700523E+02 1.247697566E-49
7.062356718E+02 1.253557757E-49
7.084079524E+02 1.259458015E-49
7.105869146E+02 1.265398589E-49
7.127725790E+02 1.271379733E-49
7.149649662E+02 1.277401705E-49
7.171640969E+02 1.283464767E-49
7.193699918E+02 1.289569185E-49
7.215826717E+02 1.295715227E-49
7.238021575E+02 1.301903165E-49
7.260284701E+02 1.308133273E-49
7.282616305E+02 1.314405828E-49
7.305016598E+02 1.320721109E-49
7.327485792E+02 1.327079399E-49
7.350024097E+02 1.333480984E-49
7.372631727E+02 1.339926170E-49
7.395308895E+02 1.346415001E-49
7.418055815E+02 1.352948278E-49
7.440872700E+02 1.359525915E-49
7.463759768E+02 1.366148288E-49
7.486717233E+02 1.372815701E-49
7.509745311E+02 1.379528455E-49
7.532844221E+02 1.386286852E-49
7.556014180E+02 1.393091198E-49
7.579255406E+02 1.399941798E-49
7.602568119E+02 1.406838963E-49
7.625952538E+02 1.413783004E-49
7.649408885E+02 1.420774234E-49
7.672937380E+02 1.427812971E-49
7.696538246E+02 1.434899533E-49
7.720211704E+02 1.442034242E-49
7.743957978E+02 1.449217421E-49
7.767777293E+02 1.456449398E-49
7.791669873E+02 1.463730501E-49
7.815635942E+02 1.471061063E-49
7.839675728E+02 1.478441418E-49
7.863789457E+02 1.485871906E-49
7.887977356E+02 1.493352868E-49
7.912239654E+02 1.500884650E-49
7.936576579E+02 1.508467602E-49
7.960988361E+02 1.516102077E-49
7.985475231E+02 1.523788438E-49
8.010037418E+02 1.531527053E-49
8.034675155E+02 1.539318301E-49
8.059388675E+02 1.547162576E-49
8.084178209E+02 1.555060296E-49
8.109043993E+02 1.563011913E-49
8.133986260E+02 1.571017944E-49
8.159005247E+02 1.579079022E-49
8.184101188E+02 1.587196019E-49
8.209274320E+02 1.595370353E-49
8.234524882E+02 1.603604865E-49
8.259853111E+02 1.611907009E-49
8.285259246E+02 1.620304990E-49
8.310743526E+02 1.629009385E-49
8.336306193E+02 1.752975065E-49
8.361947486E+02 1.646081038E-49
8.387667649E+02 1.654229978E-49
8.413466923E+02 1.662781547E-49
8.439345552E+02 1.671438765E-49
8.465303780E+02 1.680168144E-49
8.491341852E+02 1.688961986E-49
8.517460013E+02 1.697817972E-49
8.543658510E+02 1.706735388E-49
8.569937590E+02 1.715714114E-49
8.596297501E+02 1.724754290E-49
8.622738491E+02 1.733856179E-49
8.649260809E+02 1.743020108E-49
8.675864707E+02 1.752246447E-49
8.702550434E+02 1.761535584E-49
8.729318243E+02 1.770887927E-49
8.756168386E+02 1.780303893E-49
8.783101116E+02 1.789783909E-49
8.810116687E+02 1.799328407E-49
8.837215355E+02 1.808937827E-49
8.864397374E+02 1.818612612E-49
8.891663001E+02 1.828353212E-49
8.919012493E+02 1.838160078E-49
8.946446109E+02 1.848033669E-49
8.973964106E+02 1.857974446E-49
9.001566745E+02 1.867982873E-49
9.029254285E+02 1.878059421E-49
9.057026989E+02 1.888204562E-49
9.084885117E+02 1.898418772E-49
9.112828933E+02 1.908702533E-49
9.140858701E+02 1.919056328E-49
9.168974683E+02 1.929480648E-49
9.197177147E+02 1.939975983E-49
9.225466357E+02 1.950542830E-49
9.253842581E+02 1.961181689E-49
9.282306087E+02 1.971893064E-49
9.310857141E+02 1.982677465E-49
9.339496015E+02 1.993535401E-49
9.368222978E+02 2.004467392E-49
9.397038301E+02 2.015473956E-49
9.425942256E+02 2.026555619E-49
9.454935116E+02 2.037712910E-49
9.484017153E+02 2.048946363E-49
9.513188642E+02 2.060256518E-49
9.542449859E+02 2.071643917E-49
9.571801079E+02 2.083109110E-49
9.601242580E+02 2.094652652E-49
9.630774638E+02 2.106275104E-49
9.660397533E+02 2.117977038E-49
9.690111543E+02 2.129759035E-49
9.719916950E+02 2.141621689E-49
9.749814034E+02 2.153565620E-49
9.779803076E+02 2.165591486E-49
9.809884361E+02 2.177700016E-49
9.840058172E+02 2.189892094E-49
9.870324793E+02 2.202168982E-49
9.900684510E+02 2.214533048E-49
9.931137609E+02 2.226990980E-49
9.961684378E+02 2.239577106E-49
9.992325104E+02 2.253084209E-49
1.002306008E+03 2.265357120E-49
1.005388959E+03 2.277660621E-49
1.008481392E+03 2.290489720E-49
1.011583338E+03 2.303439861E-49
1.014694824E+03 2.316486591E-49
1.017815881E+03 2.329625613E-49
1.020946538E+03 2.342856069E-49
1.024086825E+03 2.356178028E-49
1.027236771E+03 2.369591881E-49
1.030396405E+03 2.383098155E-49
1.033565758E+03 2.396697440E-49
1.036744859E+03 2.410390362E-49
1.039933739E+03 2.424177570E-49
1.043132428E+03 2.438059725E-49
1.046340955E+03 2.452037503E-49
1.049559351E+03 2.466111585E-49
1.052787647E+03 2.480282663E-49
1.056025872E+03 2.494551435E-49
1.059274057E+03 2.508918606E-49
1.062532234E+03 2.523384886E-49
1.065800432E+03 2.537950994E-49
1.069078683E+03 2.552617653E-49
1.072367017E+03 2.567385592E-49
1.075665466E+03 2.582255549E-49
1.078974060E+03 2.597228265E-49
1.082292831E+03 2.612304489E-49
1.085621810E+03 2.627484975E-49
1.088961028E+03 2.642770484E-49
1.092310518E+03 2.658161784E-49
1.095670310E+03 2.673659649E-49
1.099040436E+03 2.689264858E-49
1.102420928E+03 2.704978199E-49
1.105811818E+03 2.720800467E-49
1.109213138E+03 2.736732437E-49
1.112624920E+03 2.752774970E-49
1.116047196E+03 2.768928839E-49
1.119479999E+03 2.785194874E-49
1.122923361E+03 2.801573907E-49
1.126377313E+03 2.818066774E-49
1.129841890E+03 2.834674323E-49
1.133317123E+03 2.851397414E-49
1.136803046E+03 2.868236918E-49
1.140299690E+03 2.885193729E-49
1.143807090E+03 2.902268775E-49
1.147325278E+03 2.919463049E-49
1.150854288E+03 2.936777687E-49
1.154394152E+03 2.954214231E-49
1.157944904E+03 2.971775682E-49
1.161506579E+03 2.989473239E-49
1.165079208E+03 3.007454784E-49
1.168662826E+03 3.025744934E-49
1.172257467E+03 3.043263507E-49
1.175863164E+03 3.061412618E-49
1.179479952E+03 3.079710136E-49
1.183107865E+03 3.098140133E-49
1.186746937E+03 3.116700649E-49
1.190397202E+03 3.135391819E-49
1.194058694E+03 3.154214310E-49
1.197731449E+03 3.173168967E-49
1.201415501E+03 3.192256715E-49
1.205110885E+03 3.211478517E-49
1.208817634E+03 3.230835359E-49
1.212535786E+03 3.250328245E-49
1.216265374E+03 3.269958192E-49
1.220006433E+03 3.289726229E-49
1.223759000E+03 3.309633395E-49
1.227523108E+03 3.329680738E-49
1.231298795E+03 3.349869317E-49
1.235086095E+03 3.370200201E-49
1.238885045E+03 3.390674467E-49
1.242695679E+03 3.411293203E-49
1.246518034E+03 3.432057504E-49
1.250352147E+03 3.452968477E-49
1.254198052E+03 3.474027239E-49
1.258055787E+03 3.495234914E-49
1.261925388E+03 3.516601481E-49
1.265806892E+03 3.538120747E-49
1.269700334E+03 3.559792393E-49
1.273605752E+03 3.581617586E-49
1.277523182E+03 3.603597501E-49
1.281452662E+03 3.625733325E-49
1.285394228E+03 3.648026255E-49
1.289347918E+03 3.670477499E-49
1.293313769E+03 3.693088279E-49
1.297291819E+03 3.715859829E-49
1.301282104E+03 3.738793399E-49
1.305284663E+03 3.761890259E-49
1.309299533E+03 3.785151711E-49
1.313326752E+03 3.808579112E-49
1.317366359E+03 3.832173952E-49
1.321418391E+03 3.855938112E-49
1.325482886E+03 3.879875182E-49
1.329559883E+03 3.904003077E-49
1.333649420E+03 3.932171245E-49
1.337751537E+03 3.952743807E-49
1.341866270E+03 3.977327393E-49
1.345993660E+03 4.002123728E-49
1.350133746E+03 4.027110857E-49
1.354286565E+03 4.052278305E-49
1.358452158E+03 4.077626726E-49
1.362630564E+03 4.103157282E-49
1.366821822E+03 4.128871292E-49
1.371025972E+03 4.154770145E-49
1.375243053E+03 4.180855262E-49
1.379473105E+03 4.207128090E-49
1.383716169E+03 4.233590092E-49
1.387972283E+03 4.260242750E-49
1.392241489E+03 4.287087559E-49
1.396523826E+03 4.314126031E-49
1.400819335E+03 4.341359688E-49
1.405128056E+03 4.368790070E-49
1.409450030E+03 4.396418728E-49
1.413785298E+03 4.424247230E-49
1.418133901E+03 4.452277157E-49
1.422495879E+03 4.480510102E-49
1.426871275E+03 4.508947677E-49
1.431260128E+03 4.537591504E-49
1.435662481E+03 4.566443223E-49
1.440078375E+03 4.595504487E-49
1.444507851E+03 4.624776965E-49
1.448950952E+03 4.654262342E-49
1.453407719E+03 4.683962318E-49
1.457878195E+03 4.713878610E-49
1.462362421E+03 4.744012954E-49
1.466860440E+03 4.774367103E-49
1.471372295E+03 4.804942839E-49
1.475898027E+03 4.835741975E-49
1.480437679E+03 4.866766383E-49
1.484991295E+03 4.898018106E-49
1.489558918E+03 4.929499724E-49
1.494140589E+03 4.961217230E-49
1.498736354E+03 4.993262770E-49
1.503346254E+03 5.025404359E-49
1.507970333E+03 5.057748575E-49
1.512608636E+03 5.090393729E-49
1.517261205E+03 5.123283356E-49
1.521928085E+03 5.156415986E-49
1.526609320E+03 5.189792921E-49
1.531304953E+03 5.223415941E-49
1.536015029E+03 5.257286970E-49
1.540739593E+03 5.291407989E-49
1.545478690E+03 5.325781017E-49
1.550232362E+03 5.360408098E-49
1.555000657E+03 5.395291299E-49
1.559783618E+03 5.430432711E-49
1.564581291E+03 5.465834443E-49
1.569393721E+03 5.501498623E-49
1.574220953E+03 5.537427403E-49
1.579063033E+03 5.573622953E-49
1.583920006E+03 5.610087462E-49
1.588791919E+03 5.646823144E-49
1.593678818E+03 5.683832229E-49
1.598580747E+03 5.721116970E-49
1.603497755E+03 5.758679641E-49
1.608429886E+03 5.796522539E-49
1.613377188E+03 5.834647980E-49
1.618339707E+03 5.873058305E-49
1.623317490E+03 5.911755876E-49
1.628310584E+03 5.950743081E-49
1.633319036E+03 5.990022333E-49
1.638342893E+03 6.029596077E-49
1.643382203E+03 6.069466804E-49
1.648437013E+03 6.109637083E-49
1.653507371E+03 6.150109719E-49
1.658593325E+03 6.190888621E-49
1.663694923E+03 6.231991808E-49
1.668812212E+03 6.273609937E-49
1.673945241E+03 6.315073471E-49
1.679094059E+03 6.357091498E-49
1.684258714E+03 6.399441076E-49
1.689439254E+03 6.442111623E-49
1.694635730E+03 6.485105204E-49
1.699848188E+03 6.528424368E-49
1.705076680E+03 6.572071795E-49
1.710321253E+03 6.616050229E-49
1.715581959E+03 6.660362451E-49
1.720858845E+03 6.705011276E-49
1.726151962E+03 6.749999549E-49
1.731461361E+03 6.795330144E-49
1.736787090E+03 6.841005963E-49
1.742129200E+03 6.887029935E-49
1.747487742E+03 6.933405021E-49
1.752862766E+03 6.980134208E-49
1.758254323E+03 7.027220511E-49
1.763662464E+03 7.074666978E-49
1.769087239E+03 7.122476682E-49
1.774528700E+03 7.170652730E-49
1.779986898E+03 7.219198256E-49
1.785461885E+03 7.268116429E-49
1.790953712E+03 7.317410445E-49
1.796462431E+03 7.367083539E-49
1.801988094E+03 7.417138978E-49
1.807530754E+03 7.467580077E-49
1.813090462E+03 7.518410218E-49
1.818667270E+03 7.569632945E-49
1.824261233E+03 7.621252488E-49
1.829872401E+03 7.673281182E-49
1.835500828E+03 7.725906310E-49
1.841146568E+03 7.778517782E-49
1.846809674E+03 7.831748399E-49
1.852490198E+03 7.885395550E-49
1.858188194E+03 7.939460010E-49
1.863903717E+03 7.993944975E-49
1.869636820E+03 8.048853992E-49
1.875387558E+03 8.104190715E-49
1.881155983E+03 8.159958860E-49
1.886942152E+03 8.216162186E-49
1.892746118E+03 8.272804495E-49
1.898567936E+03 8.329889627E-49
1.904407661E+03 8.387421463E-49
1.910265349E+03 8.445403920E-49
1.916141054E+03 8.503840958E-49
1.922034831E+03 8.562736572E-49
1.927946737E+03 8.622094801E-49
1.933876828E+03 8.681919721E-49
1.939825158E+03 8.742215451E-49
1.945791785E+03 8.802986150E-49
1.951776764E+03 8.864236020E-49
1.957780152E+03 8.925969305E-49
1.963802006E+03 8.988190296E-49
1.969842382E+03 9.050903332E-49
1.975901337E+03 9.114112814E-49
1.981978929E+03 9.177823239E-49
1.988075214E+03 9.242039397E-49
1.994190251E+03 9.306768126E-49
2.000324097E+03 9.372387785E-49
2.006476810E+03 9.437769166E-49
2.012648448E+03 9.504044662E-49
2.018839068E+03 9.570853776E-49
2.025048731E+03 9.638196526E-49
2.031277493E+03 9.706077198E-49
2.037525414E+03 9.774500506E-49
2.043792553E+03 9.843471287E-49
2.050078968E+03 9.912994453E-49
2.056384720E+03 9.983074973E-49
2.062709867E+03 1.005371787E-48
2.069054470E+03 1.012492822E-48
2.075418587E+03 1.019671114E-48
2.081802280E+03 1.026907183E-48
2.088205608E+03 1.034201551E-48
2.094628632E+03 1.041554746E-48
2.101071412E+03 1.048967304E-48
2.107534009E+03 1.056439762E-48
2.114016484E+03 1.063972668E-48
2.120518899E+03 1.071566570E-48
2.127041314E+03 1.079222026E-48
2.133583791E+03 1.086939599E-48
2.140146391E+03 1.094719858E-48
2.146729177E+03 1.102563381E-48
2.153332211E+03 1.110470771E-48
2.159955555E+03 1.118442752E-48
2.166599272E+03 1.126491467E-48
2.173263423E+03 1.134582258E-48
2.179948073E+03 1.142750309E-48
2.186653284E+03 1.150985642E-48
2.193379119E+03 1.159288465E-48
2.200125641E+03 1.167659362E-48
2.206892915E+03 1.176098952E-48
2.213681004E+03 1.184607867E-48
2.220489972E+03 1.193186749E-48
2.227319884E+03 1.201836245E-48
2.234170804E+03 1.210557009E-48
2.241042796E+03 1.219349703E-48
2.247935925E+03 1.228214997E-48
2.254850257E+03 1.237153565E-48
2.261785856E+03 1.246166091E-48
2.268742788E+03 1.255253263E-48
2.275721118E+03 1.264415780E-48
2.282720913E+03 1.273654345E-48
2.289742238E+03 1.282969671E-48
2.296785160E+03 1.292362477E-48
2.303849745E+03 1.301833490E-48
2.310936060E+03 1.311383448E-48
2.318044171E+03 1.321013107E-48
2.325174145E+03 1.330723292E-48
2.332326051E+03 1.340517527E-48
2.339499954E+03 1.350388252E-48
2.346695924E+03 1.360343587E-48
2.353914027E+03 1.370382951E-48
2.361154332E+03 1.380506661E-48
2.368416907E+03 1.390715479E-48
2.375701821E+03 1.401010204E-48
2.383009143E+03 1.411391648E-48
2.390338940E+03 1.421860634E-48
2.397691283E+03 1.432417994E-48
2.405066241E+03 1.443064568E-48
2.412463883E+03 1.453801206E-48
2.419884279E+03 1.464628767E-48
2.427327500E+03 1.475548120E-48
2.434793614E+03 1.486560141E-48
2.442282694E+03 1.497665717E-48
2.449794808E+03 1.508865744E-48
2.457330029E+03 1.520161128E-48
2.464888427E+03 1.531552785E-48
2.472470074E+03 1.543041642E-48
2.480075040E+03 1.554628637E-48
2.487703399E+03 1.566314740E-48
2.495355221E+03 1.578101152E-48
2.503030579E+03 1.589993224E-48
2.510729546E+03 1.601977050E-48
2.518452193E+03 1.614068943E-48
2.526198594E+03 1.626264879E-48
2.533968822E+03 1.638565792E-48
2.541762951E+03 1.650972686E-48
2.549581052E+03 1.663486590E-48
2.557423201E+03 1.676108540E-48
2.565289472E+03 1.688839588E-48
2.573179938E+03 1.701680795E-48
2.581094674E+03 1.714633236E-48
2.589033754E+03 1.727697994E-48
2.596997254E+03 1.740876168E-48
2.604985249E+03 1.754168866E-48
2.612997814E+03 1.767577208E-48
2.621035024E+03 1.781102329E-48
2.629096955E+03 1.794745373E-48
2.637183684E+03 1.808507500E-48
2.645295286E+03 1.822389883E-48
2.653431839E+03 1.836393722E-48
2.661593418E+03 1.850520398E-48
2.669780101E+03 1.864775203E-48
2.677991966E+03 1.879145826E-48
2.686229089E+03 1.893647354E-48
2.694491548E+03 1.908276498E-48
2.702779421E+03 1.923034458E-48
2.711092787E+03 1.937922503E-48
2.719431723E+03 1.952941918E-48
2.727796308E+03 1.968094008E-48
2.736186622E+03 1.983380089E-48
2.744602744E+03 1.998801495E-48
2.753044752E+03 2.014359571E-48
2.761512726E+03 2.030055680E-48
2.770006747E+03 2.045891198E-48
2.778526895E+03 2.061867518E-48
2.787073249E+03 2.077986045E-48
2.795645890E+03 2.094248204E-48
2.804244900E+03 2.110655434E-48
2.812870359E+03 2.127209193E-48
2.821522348E+03 2.143910973E-48
2.830200950E+03 2.160762654E-48
2.838906246E+03 2.177765050E-48
2.847638319E+03 2.194919092E-48
2.856397249E+03 2.212227778E-48
2.865183122E+03 2.229692087E-48
2.873996018E+03 2.247313560E-48
2.882836021E+03 2.265093782E-48
2.891703215E+03 2.283034354E-48
2.900597684E+03 2.301136899E-48
2.909519510E+03 2.319403058E-48
2.918468779E+03 2.337834488E-48
2.927445574E+03 2.356432867E-48
2.936449981E+03 2.375199891E-48
2.945482084E+03 2.394137275E-48
2.954541968E+03 2.413246751E-48
2.963629720E+03 2.432530074E-48
2.972745424E+03 2.451989018E-48
2.981889166E+03 2.471625381E-48
2.991061034E+03 2.491441020E-48
3.000261113E+03 2.511442987E-48
3.009489490E+03 2.531617255E-48
3.018746252E+03 2.551981430E-48
3.028031487E+03 2.572532396E-48
3.037345281E+03 2.593271967E-48
3.046687724E+03 2.614202070E-48
3.056058902E+03 2.635324660E-48
3.065458906E+03 2.656641717E-48
3.074887822E+03 2.678155244E-48
3.084345740E+03 2.699867266E-48
3.093832749E+03 2.721779831E-48
3.103348939E+03 2.743895010E-48
3.112894400E+03 2.766214897E-48
3.122469221E+03 2.788741611E-48
3.132073492E+03 2.811477293E-48
3.141707305E+03 2.834424112E-48
3.151370751E+03 2.857584268E-48
3.161063920E+03 2.880960090E-48
3.170786903E+03 2.904555120E-48
3.180539793E+03 2.928366919E-48
3.190322682E+03 2.952402699E-48
3.200135661E+03 2.976663165E-48
3.209978824E+03 3.001150630E-48
3.219852263E+03 3.025867458E-48
3.229756071E+03 3.050816045E-48
3.239690342E+03 3.075998812E-48
3.249655169E+03 3.101418211E-48
3.259650647E+03 3.127076719E-48
3.269676869E+03 3.152976843E-48
3.279733931E+03 3.179121118E-48
3.289821926E+03 3.205512107E-48
3.299940951E+03 3.232152405E-48
3.310091101E+03 3.259044636E-48
3.320272471E+03 3.286191467E-48
3.330485157E+03 3.313595913E-48
3.340729256E+03 3.341259836E-48
3.351004865E+03 3.369186335E-48
3.361312080E+03 3.397378569E-48
3.371650998E+03 3.425839119E-48
3.382021718E+03 3.454570813E-48
3.392424336E+03 3.483576517E-48
3.402858952E+03 3.512859136E-48
3.413325662E+03 3.542421605E-48
3.423824567E+03 3.572266896E-48
3.434355765E+03 3.602398012E-48
3.444919356E+03 3.632817991E-48
3.455515438E+03 3.663529909E-48
3.466144113E+03 3.694536874E-48
3.476805480E+03 3.725842033E-48
3.487499640E+03 3.757448584E-48
3.498226693E+03 3.789360285E-48
3.508986741E+03 3.821578777E-48
3.519779886E+03 3.854108711E-48
3.530606229E+03 3.886953237E-48
3.541465872E+03 3.920115602E-48
3.552358918E+03 3.953599204E-48
3.563285470E+03 3.987407484E-48
3.574245629E+03 4.021543927E-48
3.585239501E+03 4.056012058E-48
3.596267189E+03 4.090815441E-48
3.607328796E+03 4.125957682E-48
3.618424427E+03 4.161442429E-48
3.629554186E+03 4.197273373E-48
3.640718179E+03 4.233454248E-48
3.651916511E+03 4.269988839E-48
3.663149288E+03 4.306881174E-48
3.674416614E+03 4.344134636E-48
3.685718598E+03 4.381753180E-48
3.697055345E+03 4.419741176E-48
3.708426962E+03 4.458102427E-48
3.719833556E+03 4.496840968E-48
3.731275236E+03 4.535960888E-48
3.742752108E+03 4.575466325E-48
3.754264282E+03 4.615361464E-48
3.765811866E+03 4.655650541E-48
3.777394968E+03 4.696337838E-48
3.789013699E+03 4.737427690E-48
3.800668166E+03 4.778924480E-48
3.812358482E+03 4.820832646E-48
3.824084755E+03 4.863156708E-48
3.835847096E+03 4.905953797E-48
3.847645617E+03 4.949070500E-48
3.859480428E+03 4.992669478E-48
3.871351642E+03 5.036702812E-48
3.883259370E+03 5.081175226E-48
3.895203724E+03 5.126091523E-48
3.907184817E+03 5.171456564E-48
3.919202763E+03 5.217275267E-48
3.931257674E+03 5.263552607E-48
3.943349664E+03 5.310293618E-48
3.955478847E+03 5.357503392E-48
3.967645338E+03 5.405187080E-48
3.979849252E+03 5.453349898E-48
3.992090702E+03 5.501997160E-48
4.004369806E+03 5.551135689E-48
4.016686679E+03 5.600766098E-48
4.029041437E+03 5.650898696E-48
4.041434196E+03 5.701537410E-48
4.053865073E+03 5.752687808E-48
4.066334186E+03 5.804355535E-48
4.078841653E+03 5.856546305E-48
4.091387590E+03 5.909265898E-48
4.103972117E+03 5.962520161E-48
4.116595352E+03 6.016315010E-48
4.129257415E+03 6.070656428E-48
4.141958424E+03 6.125550472E-48
4.154698500E+03 6.181003282E-48
4.167477762E+03 6.237024360E-48
4.180296332E+03 6.293609955E-48
4.193154329E+03 6.350776380E-48
4.206051877E+03 6.408526800E-48
4.218989095E+03 6.466867667E-48
4.231966106E+03 6.525805538E-48
4.244983032E+03 6.585347049E-48
4.258039997E+03 6.645498915E-48
4.271137123E+03 6.706267927E-48
4.284274534E+03 6.767660954E-48
4.297452354E+03 6.829684947E-48
4.310670707E+03 6.892346939E-48
4.323929718E+03 6.955654069E-48
4.337229511E+03 7.019616749E-48
4.350570213E+03 7.084232393E-48
4.363951949E+03 7.149518257E-48
4.377374845E+03 7.215478516E-48
4.390839029E+03 7.282120683E-48
4.404344626E+03 7.349452371E-48
4.417891764E+03 7.417481283E-48
4.431480572E+03 7.486215211E-48
4.445111176E+03 7.555662037E-48
4.458783707E+03 7.625829730E-48
4.472498292E+03 7.696726357E-48
4.486255061E+03 7.768360085E-48
4.500054145E+03 7.840740344E-48
4.513895672E+03 7.913871869E-48
4.527779774E+03 7.987766649E-48
4.541706581E+03 8.062432113E-48
4.555676226E+03 8.137876855E-48
4.569688838E+03 8.214109601E-48
4.583744552E+03 8.291139175E-48
4.597843499E+03 8.368974504E-48
4.611985813E+03 8.447624616E-48
4.626171626E+03 8.527098641E-48
4.640401073E+03 8.607405812E-48
4.654674287E+03 8.688555484E-48
4.668991404E+03 8.770665798E-48
4.683352558E+03 8.853420083E-48
4.697757885E+03 8.937154207E-48
4.712207521E+03 9.021769233E-48
4.726701602E+03 9.107275013E-48
4.741240265E+03 9.193681522E-48
4.755823646E+03 9.280998850E-48
4.770451884E+03 9.369237198E-48
4.785125117E+03 9.458406880E-48
4.799843482E+03 9.548518324E-48
4.814607119E+03 9.639582079E-48
4.829416166E+03 9.731608936E-48
4.844270764E+03 9.824609308E-48
4.859171053E+03 9.918594270E-48
4.874117173E+03 1.001357495E-47
4.889109265E+03 1.010956239E-47
4.904147470E+03 1.020656784E-47
4.919231931E+03 1.030460266E-47
4.934362790E+03 1.040367834E-47
4.949540189E+03 1.050380649E-47
4.964764271E+03 1.060499884E-47
4.980035181E+03 1.070726727E-47
4.995353062E+03 1.081062385E-47
5.010718058E+03 1.091508045E-47
5.026130315E+03 1.102065195E-47
5.041589978E+03 1.112734833E-47
5.057097193E+03 1.123518196E-47
5.072652105E+03 1.134416544E-47
5.088254862E+03 1.145431152E-47
5.103905611E+03 1.156563306E-47
5.119604500E+03 1.167814308E-47
5.135351676E+03 1.179185469E-47
5.151147289E+03 1.190678117E-47
5.166991486E+03 1.202293705E-47
5.182884418E+03 1.214033239E-47
5.198826234E+03 1.225898425E-47
5.214817085E+03 1.237890535E-47
5.230857121E+03 1.250010956E-47
5.246946495E+03 1.262261093E-47
5.263085357E+03 1.274642363E-47
5.279273860E+03 1.287156197E-47
5.295512156E+03 1.299804037E-47
5.311800399E+03 1.312587342E-47
5.328138743E+03 1.325507589E-47
5.344527341E+03 1.338566240E-47
5.360966347E+03 1.351764791E-47
5.377455918E+03 1.365104769E-47
5.393996209E+03 1.378587686E-47
5.410587375E+03 1.392215074E-47
5.427229573E+03 1.405988479E-47
5.443922960E+03 1.419909458E-47
5.460667694E+03 1.433979581E-47
5.477463932E+03 1.448200430E-47
5.494311833E+03 1.462573607E-47
5.511211556E+03 1.477100700E-47
5.528163260E+03 1.491783322E-47
5.545167104E+03 1.506623123E-47
5.562223251E+03 1.521621730E-47
5.579331859E+03 1.536780794E-47
5.596493092E+03 1.552101972E-47
5.613707109E+03 1.567586936E-47
5.630974075E+03 1.583237363E-47
5.648294151E+03 1.599054942E-47
5.665667502E+03 1.615041414E-47
5.683094290E+03 1.631198349E-47
5.700574681E+03 1.647527591E-47
5.718108839E+03 1.664030822E-47
5.735696929E+03 1.680709767E-47
5.753339118E+03 1.697566159E-47
5.771035572E+03 1.714601737E-47
5.788786457E+03 1.731818245E-47
5.806591942E+03 1.749217429E-47
5.824452194E+03 1.766801047E-47
5.842367382E+03 1.784570862E-47
5.860337674E+03 1.802528570E-47
5.878363240E+03 1.820675996E-47
5.896444250E+03 1.839014872E-47
5.914580875E+03 1.857546953E-47
5.932773286E+03 1.876273991E-47
5.951021654E+03 1.895197735E-47
5.969326151E+03 1.914319929E-47
5.987686950E+03 1.933642312E-47
6.006104225E+03 1.953166723E-47
6.024578148E+03 1.972894545E-47
6.043108895E+03 1.992827829E-47
6.061696639E+03 2.012968160E-47
6.080341557E+03 2.033317221E-47
6.099043824E+03 2.053876681E-47
6.117803616E+03 2.074648187E-47
6.136621111E+03 2.095633370E-47
6.155496486E+03 2.116833839E-47
6.174429918E+03 2.138251215E-47
6.193421588E+03 2.159886915E-47
6.212471673E+03 2.181742605E-47
6.231580353E+03 2.203819730E-47
6.250747809E+03 2.226119745E-47
6.269974221E+03 2.248644064E-47
6.289259771E+03 2.271394063E-47
6.308604641E+03 2.294371068E-47
6.328009013E+03 2.317576368E-47
6.347473069E+03 2.341011159E-47
6.366996995E+03 2.364676621E-47
6.386580973E+03 2.388573866E-47
6.406225189E+03 2.412703925E-47
6.425929828E+03 2.437067762E-47
6.445695075E+03 2.461666263E-47
6.465521117E+03 2.486500233E-47
6.485408142E+03 2.511570390E-47
6.505356336E+03 2.536877688E-47
6.525365888E+03 2.562421629E-47
6.545436986E+03 2.588203645E-47
6.565569821E+03 2.614223691E-47
6.585764581E+03 2.640481939E-47
6.606021457E+03 2.666978429E-47
6.626340641E+03 2.693713063E-47
6.646722323E+03 2.720685591E-47
6.667166697E+03 2.747895714E-47
6.687673954E+03 2.775342531E-47
6.708244289E+03 2.803025607E-47
6.728877896E+03 2.830943894E-47
6.749574968E+03 2.859096240E-47
6.770335702E+03 2.887481281E-47
6.791160293E+03 2.916097423E-47
6.812048937E+03 2.944942831E-47
6.833001832E+03 2.974015479E-47
6.854019175E+03 3.003312796E-47
6.875101165E+03 3.032832326E-47
6.896247999E+03 3.062571044E-47
6.917459878E+03 3.092525660E-47
6.938737002E+03 3.122692540E-47
6.960079571E+03 3.153067685E-47
6.981487788E+03 3.183646711E-47
7.002961852E+03 3.214426375E-47
7.024501968E+03 3.245396779E-47
7.046108338E+03 3.276556902E-47
7.067781167E+03 3.307899019E-47
7.089520657E+03 3.339416439E-47
7.111327016E+03 3.371101931E-47
7.133200447E+03 3.402947687E-47
7.155141159E+03 3.434945298E-47
7.177149356E+03 3.467085724E-47
7.199225248E+03 3.499359147E-47
7.221369042E+03 3.531755204E-47
7.243580948E+03 3.564262653E-47
7.265861174E+03 3.596869483E-47
7.288209931E+03 3.629562837E-47
7.310627429E+03 3.662328968E-47
7.333113880E+03 3.695153265E-47
7.355669497E+03 3.728019804E-47
7.378294492E+03 3.760912093E-47
7.400989077E+03 3.793812226E-47
7.423753468E+03 3.826701205E-47
7.446587879E+03 3.859558806E-47
7.469492526E+03 3.892363519E-47
7.492467624E+03 3.925092480E-47
7.515513390E+03 3.957721369E-47
7.538630041E+03 3.990224378E-47
7.561817796E+03 4.022574146E-47
7.585076874E+03 4.054741616E-47
7.608407493E+03 4.086696000E-47
7.631809873E+03 4.118404676E-47
7.655284236E+03 4.149833114E-47
7.678830803E+03 4.180944774E-47
7.702449796E+03 4.211700935E-47
7.726141437E+03 4.242060818E-47
7.749905951E+03 4.271981238E-47
7.773743561E+03 4.301416633E-47
7.797654491E+03 4.330318933E-47
7.821638969E+03 4.358637461E-47
7.845697219E+03 4.386318829E-47
7.869829469E+03 4.413306742E-47
7.894035947E+03 4.439542133E-47
7.918316880E+03 4.464962786E-47
7.942672498E+03 4.489503381E-47
7.967103030E+03 4.513095360E-47
7.991608707E+03 4.535666850E-47
8.016189760E+03 4.557142523E-47
8.040846421E+03 4.577443566E-47
8.065578923E+03 4.596487632E-47
8.090387498E+03 4.614188696E-47
8.115272380E+03 4.630457060E-47
8.140233805E+03 4.645199315E-47
8.165272008E+03 4.658318388E-47
8.190387225E+03 4.669713209E-47
8.215579693E+03 4.679279427E-47
8.240849649E+03 4.686908808E-47
8.266197331E+03 4.692489636E-47
8.291622980E+03 4.695906794E-47
8.317126835E+03 4.697041941E-47
8.342709135E+03 4.695773829E-47
8.368370123E+03 4.691977988E-47
8.394110041E+03 4.685528268E-47
8.419929131E+03 4.676295996E-47
8.445827637E+03 4.664151046E-47
8.471805803E+03 4.648962252E-47
8.497863874E+03 4.630598073E-47
8.524002096E+03 4.608926977E-47
8.550220716E+03 4.583818845E-47
8.576519980E+03 4.555145255E-47
8.602900137E+03 4.522780723E-47
8.629361436E+03 4.486603752E-47
8.655904126E+03 4.446498011E-47
8.682528457E+03 4.402353600E-47
8.709234682E+03 4.354068413E-47
8.736023050E+03 4.301549780E-47
8.762893816E+03 4.244715842E-47
8.789847233E+03 4.183497332E-47
8.816883554E+03 4.117839295E-47
8.844003035E+03 4.047702977E-47
8.871205932E+03 3.973067138E-47
8.898492502E+03 3.893931013E-47
8.925863000E+03 3.810315039E-47
8.953317687E+03 3.722263231E-47
8.980856820E+03 3.629844825E-47
9.008480660E+03 3.533156243E-47
9.036189467E+03 3.432320889E-47
9.063983502E+03 3.327493906E-47
9.091863028E+03 3.218859807E-47
9.119828307E+03 3.106635007E-47
9.147879603E+03 2.991068000E-47
9.176017181E+03 2.872439731E-47
9.204241307E+03 2.751062178E-47
9.232552245E+03 2.627280126E-47
9.260950265E+03 2.501467641E-47
9.289435632E+03 2.374027750E-47
9.318008616E+03 2.245390202E-47
9.346669487E+03 2.116009044E-47
9.375418515E+03 1.986359469E-47
9.404255970E+03 1.856935106E-47
9.433182126E+03 1.728243718E-47
9.462197254E+03 1.600803531E-47
9.491301628E+03 1.475138941E-47
9.520495524E+03 1.351775996E-47
9.549779216E+03 1.231237978E-47
9.579152980E+03 1.114040791E-47
9.608617094E+03 1.000688387E-47
9.638171835E+03 8.916684573E-48
9.667817482E+03 7.874485306E-48
9.697554316E+03 6.884708172E-48
9.727382615E+03 5.951513466E-48
9.757302662E+03 5.078743105E-48
9.787314739E+03 4.269907666E-48
9.817419129E+03 3.528163441E-48
9.847616115E+03 2.856297628E-48
9.877905984E+03 2.256717041E-48
9.908289019E+03 1.731448071E-48
9.938765509E+03 1.282125804E-48
9.969335739E+03 9.099866671E-49
1.000000000E+04 6.158789130E-49
