3.000000e+00 3.038901e-35
3.007613e+00 2.757333e-35
3.015245e+00 2.510960e-35
3.022897e+00 2.299526e-35
3.030568e+00 2.127879e-35
3.038259e+00 2.015948e-35
3.045969e+00 2.048406e-35
3.053699e+00 2.847785e-35
3.061448e+00 1.247196e-33
3.069217e+00 3.144052e-35
3.077006e+00 1.552516e-35
3.084815e+00 1.214847e-35
3.092643e+00 1.046401e-35
3.100491e+00 9.299358e-36
3.108359e+00 8.375438e-36
3.116247e+00 7.595285e-36
3.124155e+00 6.915782e-36
3.132083e+00 6.313894e-36
3.140032e+00 5.775439e-36
3.148000e+00 5.290688e-36
3.155989e+00 4.852417e-36
3.163998e+00 4.454952e-36
3.172027e+00 4.093656e-36
3.180077e+00 3.764635e-36
3.188147e+00 3.464552e-36
3.196237e+00 3.190512e-36
3.204348e+00 2.939976e-36
3.212480e+00 2.710700e-36
3.220632e+00 2.500692e-36
3.228805e+00 2.308175e-36
3.236999e+00 2.131558e-36
3.245213e+00 1.969411e-36
3.253449e+00 1.820450e-36
3.261705e+00 1.683514e-36
3.269982e+00 1.557557e-36
3.278281e+00 1.441631e-36
3.286600e+00 1.334879e-36
3.294940e+00 1.236522e-36
3.303302e+00 1.145853e-36
3.311684e+00 1.062229e-36
3.320089e+00 9.850670e-37
3.328514e+00 9.138338e-37
3.336961e+00 8.480444e-37
3.345429e+00 7.872562e-37
3.353919e+00 7.310653e-37
3.362430e+00 6.791024e-37
3.370963e+00 6.310303e-37
3.379517e+00 5.865402e-37
3.388093e+00 5.453495e-37
3.396691e+00 5.071994e-37
3.405311e+00 4.718527e-37
3.413953e+00 4.390918e-37
3.422616e+00 4.087171e-37
3.431302e+00 3.805454e-37
3.440009e+00 3.544081e-37
3.448739e+00 3.301508e-37
3.457491e+00 3.076309e-37
3.466265e+00 2.867178e-37
3.475061e+00 2.672908e-37
3.483880e+00 2.492391e-37
3.492721e+00 2.324606e-37
3.501584e+00 2.168609e-37
3.510470e+00 2.023533e-37
3.519379e+00 1.888576e-37
3.528310e+00 1.763000e-37
3.537264e+00 1.646122e-37
3.546240e+00 1.537311e-37
3.555239e+00 1.435986e-37
3.564261e+00 1.341609e-37
3.573306e+00 1.253681e-37
3.582374e+00 1.171743e-37
3.591465e+00 1.095369e-37
3.600579e+00 1.024165e-37
3.609717e+00 9.577655e-38
3.618877e+00 8.958336e-38
3.628061e+00 8.380558e-38
3.637267e+00 7.841421e-38
3.646498e+00 7.338236e-38
3.655751e+00 6.868508e-38
3.665029e+00 6.429924e-38
3.674329e+00 6.020339e-38
3.683654e+00 5.637761e-38
3.693002e+00 5.280339e-38
3.702373e+00 4.946357e-38
3.711769e+00 4.634219e-38
3.721188e+00 4.342444e-38
3.730631e+00 4.069653e-38
3.740099e+00 3.814567e-38
3.749590e+00 3.575994e-38
3.759105e+00 3.352827e-38
3.768645e+00 3.144036e-38
3.778208e+00 2.948663e-38
3.787796e+00 2.765814e-38
3.797408e+00 2.594660e-38
3.807045e+00 2.434426e-38
3.816706e+00 2.284393e-38
3.826392e+00 2.143889e-38
3.836102e+00 2.012288e-38
3.845837e+00 1.889008e-38
3.855596e+00 1.773506e-38
3.865381e+00 1.665275e-38
3.875190e+00 1.563843e-38
3.885024e+00 1.468768e-38
3.894883e+00 1.379641e-38
3.904767e+00 1.296076e-38
3.914676e+00 1.217717e-38
3.924610e+00 1.144229e-38
3.934570e+00 1.075299e-38
3.944554e+00 1.010637e-38
3.954565e+00 9.499711e-39
3.964600e+00 8.930461e-39
3.974661e+00 8.396247e-39
3.984747e+00 7.894851e-39
3.994860e+00 7.424197e-39
4.004997e+00 6.982347e-39
4.015161e+00 6.567488e-39
4.025350e+00 6.177923e-39
4.035565e+00 5.812068e-39
4.045806e+00 5.468438e-39
4.056073e+00 5.145647e-39
4.066366e+00 4.842396e-39
4.076685e+00 4.557469e-39
4.087031e+00 4.289730e-39
4.097402e+00 4.038113e-39
4.107800e+00 3.801622e-39
4.118225e+00 3.579324e-39
4.128675e+00 3.370344e-39
4.139153e+00 3.173863e-39
4.149657e+00 2.989115e-39
4.160187e+00 2.815381e-39
4.170744e+00 2.651987e-39
4.181329e+00 2.498302e-39
4.191939e+00 2.353735e-39
4.202577e+00 2.217731e-39
4.213242e+00 2.089770e-39
4.223934e+00 1.969365e-39
4.234653e+00 1.856059e-39
4.245399e+00 1.749423e-39
4.256173e+00 1.649054e-39
4.266974e+00 1.554576e-39
4.277802e+00 1.465634e-39
4.288658e+00 1.381897e-39
4.299541e+00 1.303051e-39
4.310452e+00 1.228806e-39
4.321391e+00 1.158886e-39
4.332357e+00 1.093033e-39
4.343351e+00 1.031005e-39
4.354373e+00 9.725754e-40
4.365423e+00 9.175300e-40
4.376501e+00 8.656686e-40
4.387608e+00 8.168026e-40
4.398742e+00 7.707553e-40
4.409905e+00 7.273603e-40
4.421096e+00 6.864615e-40
4.432315e+00 6.479121e-40
4.443563e+00 6.115741e-40
4.454839e+00 5.773179e-40
4.466144e+00 5.450215e-40
4.477478e+00 5.145705e-40
4.488841e+00 4.858570e-40
4.500232e+00 4.587798e-40
4.511652e+00 4.332436e-40
4.523101e+00 4.091589e-40
4.534580e+00 3.864414e-40
4.546087e+00 3.650117e-40
4.557623e+00 3.447954e-40
4.569189e+00 3.257223e-40
4.580785e+00 3.077264e-40
4.592409e+00 2.907456e-40
4.604063e+00 2.747214e-40
4.615747e+00 2.595989e-40
4.627460e+00 2.453261e-40
4.639203e+00 2.318545e-40
4.650976e+00 2.191380e-40
4.662779e+00 2.071335e-40
4.674612e+00 1.958004e-40
4.686474e+00 1.851003e-40
4.698367e+00 1.749971e-40
4.710290e+00 1.654568e-40
4.722244e+00 1.564476e-40
4.734227e+00 1.479391e-40
4.746241e+00 1.399030e-40
4.758286e+00 1.323126e-40
4.770361e+00 1.251427e-40
4.782467e+00 1.183694e-40
4.794603e+00 1.119704e-40
4.806770e+00 1.059247e-40
4.818968e+00 1.002123e-40
4.831197e+00 9.481445e-41
4.843457e+00 8.971355e-41
4.855749e+00 8.489292e-41
4.868071e+00 8.033685e-41
4.880425e+00 7.603055e-41
4.892810e+00 7.196004e-41
4.905226e+00 6.811217e-41
4.917674e+00 6.447453e-41
4.930154e+00 6.103540e-41
4.942665e+00 5.778373e-41
4.955208e+00 5.470912e-41
4.967783e+00 5.180173e-41
4.980389e+00 4.905229e-41
4.993028e+00 4.645205e-41
5.005699e+00 4.399277e-41
5.018402e+00 4.166664e-41
5.031137e+00 3.946633e-41
5.043904e+00 3.738489e-41
5.056704e+00 3.541579e-41
5.069537e+00 3.355283e-41
5.082402e+00 3.179019e-41
5.095299e+00 3.012236e-41
5.108230e+00 2.854414e-41
5.121193e+00 2.705063e-41
5.134189e+00 2.563719e-41
5.147218e+00 2.429945e-41
5.160280e+00 2.303326e-41
5.173375e+00 2.183474e-41
5.186503e+00 2.070020e-41
5.199665e+00 1.962615e-41
5.212860e+00 1.860930e-41
5.226089e+00 1.764656e-41
5.239351e+00 1.673499e-41
5.252647e+00 1.587181e-41
5.265977e+00 1.505441e-41
5.279340e+00 1.428031e-41
5.292737e+00 1.354718e-41
5.306169e+00 1.285280e-41
5.319634e+00 1.219509e-41
5.333134e+00 1.157207e-41
5.346668e+00 1.098189e-41
5.360236e+00 1.042276e-41
5.373838e+00 9.893041e-42
5.387476e+00 9.391143e-42
5.401147e+00 8.915580e-42
5.414854e+00 8.464945e-42
5.428595e+00 8.037906e-42
5.442371e+00 7.633205e-42
5.456182e+00 7.249652e-42
5.470028e+00 6.886122e-42
5.483910e+00 6.541550e-42
5.497826e+00 6.214929e-42
5.511778e+00 5.905309e-42
5.525765e+00 5.611788e-42
5.539788e+00 5.333516e-42
5.553846e+00 5.069686e-42
5.567940e+00 4.819537e-42
5.582070e+00 4.582348e-42
5.596235e+00 4.357437e-42
5.610437e+00 4.144159e-42
5.624674e+00 3.941904e-42
5.638948e+00 3.750093e-42
5.653258e+00 3.568182e-42
5.667604e+00 3.395653e-42
5.681987e+00 3.232016e-42
5.696406e+00 3.076809e-42
5.710862e+00 2.929595e-42
5.725354e+00 2.789958e-42
5.739883e+00 2.657507e-42
5.754450e+00 2.531871e-42
5.769053e+00 2.412699e-42
5.783693e+00 2.299658e-42
5.798370e+00 2.192435e-42
5.813084e+00 2.090733e-42
5.827836e+00 1.994270e-42
5.842625e+00 1.902781e-42
5.857452e+00 1.816015e-42
5.872317e+00 1.733734e-42
5.887219e+00 1.655711e-42
5.902159e+00 1.581734e-42
5.917137e+00 1.511605e-42
5.932153e+00 1.445135e-42
5.947206e+00 1.382146e-42
5.962299e+00 1.322469e-42
5.977429e+00 1.265947e-42
5.992598e+00 1.212430e-42
6.007805e+00 1.161779e-42
6.023051e+00 1.113860e-42
6.038336e+00 1.068553e-42
6.053660e+00 1.025741e-42
6.069022e+00 9.853166e-43
6.084423e+00 9.471814e-43
6.099864e+00 9.112430e-43
6.115343e+00 8.774172e-43
6.130862e+00 8.456269e-43
6.146420e+00 8.158028e-43
6.162018e+00 7.878834e-43
6.177655e+00 7.618151e-43
6.193332e+00 7.375525e-43
6.209049e+00 7.150593e-43
6.224806e+00 6.943085e-43
6.240602e+00 6.752835e-43
6.256439e+00 6.579791e-43
6.272316e+00 6.424034e-43
6.288233e+00 6.285787e-43
6.304191e+00 6.165452e-43
6.320189e+00 6.063628e-43
6.336228e+00 5.981160e-43
6.352307e+00 5.919186e-43
6.368427e+00 5.879209e-43
6.384588e+00 5.863183e-43
6.400791e+00 5.873637e-43
6.417034e+00 5.913835e-43
6.433318e+00 5.988004e-43
6.449644e+00 6.101640e-43
6.466011e+00 6.261954e-43
6.482420e+00 6.478498e-43
6.498870e+00 6.764104e-43
6.515363e+00 7.136281e-43
6.531897e+00 7.619380e-43
6.548472e+00 8.248036e-43
6.565091e+00 9.072840e-43
6.581751e+00 1.017005e-42
6.598453e+00 1.165902e-42
6.615198e+00 1.373535e-42
6.631985e+00 1.673816e-42
6.648815e+00 2.129917e-42
6.665688e+00 2.871049e-42
6.682603e+00 4.197590e-42
6.699562e+00 6.951203e-42
6.716563e+00 1.432627e-41
6.733608e+00 4.867206e-41
6.750696e+00 3.348959e-39
6.767827e+00 7.783387e-41
6.785002e+00 1.627332e-41
6.802220e+00 6.722364e-42
6.819482e+00 3.613000e-42
6.836787e+00 2.237720e-42
6.854137e+00 1.515524e-42
6.871531e+00 1.091866e-42
6.888969e+00 8.232350e-43
6.906451e+00 6.427589e-43
6.923977e+00 5.159456e-43
6.941548e+00 4.235818e-43
6.959164e+00 3.542977e-43
6.976824e+00 3.010286e-43
6.994529e+00 2.592038e-43
7.012279e+00 2.257649e-43
7.030074e+00 1.986048e-43
7.047914e+00 1.762358e-43
7.065800e+00 1.575837e-43
7.083730e+00 1.418585e-43
7.101707e+00 1.284689e-43
7.119729e+00 1.169653e-43
7.137796e+00 1.070016e-43
7.155910e+00 9.830776e-44
7.174069e+00 9.067051e-44
7.192275e+00 8.391996e-44
7.210527e+00 7.791931e-44
7.228825e+00 7.255744e-44
7.247169e+00 6.774334e-44
7.265561e+00 6.340193e-44
7.283998e+00 5.947078e-44
7.302483e+00 5.589766e-44
7.321014e+00 5.263859e-44
7.339593e+00 4.965631e-44
7.358218e+00 4.691909e-44
7.376891e+00 4.439973e-44
7.395612e+00 4.207484e-44
7.414379e+00 3.992420e-44
7.433195e+00 3.793023e-44
7.452058e+00 3.607758e-44
7.470969e+00 3.435284e-44
7.489928e+00 3.274417e-44
7.508935e+00 3.124116e-44
7.527991e+00 2.983456e-44
7.547094e+00 2.851616e-44
7.566247e+00 2.727864e-44
7.585447e+00 2.611546e-44
7.604697e+00 2.502072e-44
7.623995e+00 2.398915e-44
7.643343e+00 2.301598e-44
7.662739e+00 2.209689e-44
7.682185e+00 2.122798e-44
7.701680e+00 2.040569e-44
7.721224e+00 1.962680e-44
7.740818e+00 1.888833e-44
7.760462e+00 1.818761e-44
7.780156e+00 1.752215e-44
7.799900e+00 1.688967e-44
7.819693e+00 1.628810e-44
7.839537e+00 1.571551e-44
7.859432e+00 1.517011e-44
7.879377e+00 1.465028e-44
7.899372e+00 1.415450e-44
7.919418e+00 1.368135e-44
7.939515e+00 1.322953e-44
7.959663e+00 1.279782e-44
7.979862e+00 1.238510e-44
8.000113e+00 1.199032e-44
8.020415e+00 1.161249e-44
8.040768e+00 1.125070e-44
8.061173e+00 1.090410e-44
8.081630e+00 1.057187e-44
8.102139e+00 1.025328e-44
8.122699e+00 9.947621e-45
8.143312e+00 9.654230e-45
8.163977e+00 9.372492e-45
8.184695e+00 9.101825e-45
8.205465e+00 8.841682e-45
8.226288e+00 8.591548e-45
8.247164e+00 8.350940e-45
8.268093e+00 8.119400e-45
8.289075e+00 7.896499e-45
8.310110e+00 7.681830e-45
8.331198e+00 7.475009e-45
8.352340e+00 7.275674e-45
8.373536e+00 7.083483e-45
8.394786e+00 6.898112e-45
8.416089e+00 6.719254e-45
8.437446e+00 6.546619e-45
8.458858e+00 6.379931e-45
8.480324e+00 6.218931e-45
8.501845e+00 6.063372e-45
8.523420e+00 5.913018e-45
8.545049e+00 5.767648e-45
8.566734e+00 5.627050e-45
8.588474e+00 5.491024e-45
8.610269e+00 5.359380e-45
8.632119e+00 5.231935e-45
8.654025e+00 5.108517e-45
8.675986e+00 4.988964e-45
8.698003e+00 4.873118e-45
8.720076e+00 4.760831e-45
8.742205e+00 4.651962e-45
8.764390e+00 4.546376e-45
8.786631e+00 4.443945e-45
8.808929e+00 4.344545e-45
8.831283e+00 4.248061e-45
8.853694e+00 4.154380e-45
8.876162e+00 4.063397e-45
8.898687e+00 3.975010e-45
8.921269e+00 3.889122e-45
8.943909e+00 3.805641e-45
8.966606e+00 3.724478e-45
8.989360e+00 3.645549e-45
9.012173e+00 3.568773e-45
9.035043e+00 3.494072e-45
9.057971e+00 3.421374e-45
9.080957e+00 3.350606e-45
9.104002e+00 3.281702e-45
9.127105e+00 3.214597e-45
9.150267e+00 3.149228e-45
9.173487e+00 3.085537e-45
9.196767e+00 3.023466e-45
9.220105e+00 2.962962e-45
9.243503e+00 2.903971e-45
9.266960e+00 2.846444e-45
9.290477e+00 2.790332e-45
9.314054e+00 2.735591e-45
9.337690e+00 2.682174e-45
9.361386e+00 2.630041e-45
9.385142e+00 2.579150e-45
9.408959e+00 2.529462e-45
9.432836e+00 2.480940e-45
9.456774e+00 2.433548e-45
9.480772e+00 2.387251e-45
9.504831e+00 2.342015e-45
9.528952e+00 2.297810e-45
9.553133e+00 2.254603e-45
9.577376e+00 2.212366e-45
9.601681e+00 2.171070e-45
9.626047e+00 2.130688e-45
9.650475e+00 2.091193e-45
9.674965e+00 2.052560e-45
9.699517e+00 2.014765e-45
9.724131e+00 1.977783e-45
9.748808e+00 1.941594e-45
9.773547e+00 1.906174e-45
9.798350e+00 1.871503e-45
9.823215e+00 1.837560e-45
9.848143e+00 1.804327e-45
9.873135e+00 1.771783e-45
9.898190e+00 1.739912e-45
9.923308e+00 1.708695e-45
9.948491e+00 1.678115e-45
9.973737e+00 1.648157e-45
9.999047e+00 1.618804e-45
1.002442e+01 1.590087e-45
1.004986e+01 1.561949e-45
1.007536e+01 1.534372e-45
1.010093e+01 1.507344e-45
1.012657e+01 1.480850e-45
1.015226e+01 1.454878e-45
1.017803e+01 1.429415e-45
1.020386e+01 1.404449e-45
1.022975e+01 1.379967e-45
1.025571e+01 1.355960e-45
1.028174e+01 1.332414e-45
1.030783e+01 1.309321e-45
1.033399e+01 1.286669e-45
1.036021e+01 1.264449e-45
1.038650e+01 1.242650e-45
1.041286e+01 1.221265e-45
1.043928e+01 1.200282e-45
1.046578e+01 1.179694e-45
1.049233e+01 1.159492e-45
1.051896e+01 1.139668e-45
1.054565e+01 1.120213e-45
1.057242e+01 1.101120e-45
1.059925e+01 1.082382e-45
1.062614e+01 1.063990e-45
1.065311e+01 1.045938e-45
1.068014e+01 1.028219e-45
1.070725e+01 1.010826e-45
1.073442e+01 9.937518e-46
1.076166e+01 9.769908e-46
1.078897e+01 9.605364e-46
1.081635e+01 9.443826e-46
1.084380e+01 9.285233e-46
1.087131e+01 9.129529e-46
1.089890e+01 8.976656e-46
1.092656e+01 8.826560e-46
1.095429e+01 8.679186e-46
1.098209e+01 8.534483e-46
1.100996e+01 8.392399e-46
1.103790e+01 8.252883e-46
1.106591e+01 8.115887e-46
1.109399e+01 7.981363e-46
1.112214e+01 7.849265e-46
1.115037e+01 7.719546e-46
1.117866e+01 7.592161e-46
1.120703e+01 7.467068e-46
1.123547e+01 7.344223e-46
1.126398e+01 7.223584e-46
1.129257e+01 7.105109e-46
1.132122e+01 6.988760e-46
1.134995e+01 6.874496e-46
1.137876e+01 6.762278e-46
1.140763e+01 6.652069e-46
1.143658e+01 6.543832e-46
1.146560e+01 6.437530e-46
1.149470e+01 6.333128e-46
1.152387e+01 6.230590e-46
1.155312e+01 6.129882e-46
1.158243e+01 6.030970e-46
1.161183e+01 5.933822e-46
1.164129e+01 5.838404e-46
1.167084e+01 5.744685e-46
1.170045e+01 5.652634e-46
1.173014e+01 5.562220e-46
1.175991e+01 5.473413e-46
1.178976e+01 5.386183e-46
1.181967e+01 5.300500e-46
1.184967e+01 5.216338e-46
1.187974e+01 5.133667e-46
1.190989e+01 5.052460e-46
1.194011e+01 4.972691e-46
1.197041e+01 4.894331e-46
1.200079e+01 4.817356e-46
1.203124e+01 4.741740e-46
1.206177e+01 4.667458e-46
1.209238e+01 4.594485e-46
1.212307e+01 4.522796e-46
1.215383e+01 4.452368e-46
1.218468e+01 4.383178e-46
1.221560e+01 4.315203e-46
1.224660e+01 4.248419e-46
1.227768e+01 4.182805e-46
1.230883e+01 4.118340e-46
1.234007e+01 4.055001e-46
1.237138e+01 3.992768e-46
1.240278e+01 3.931620e-46
1.243425e+01 3.871536e-46
1.246581e+01 3.812498e-46
1.249744e+01 3.754486e-46
1.252916e+01 3.697480e-46
1.256095e+01 3.641462e-46
1.259283e+01 3.586412e-46
1.262478e+01 3.532314e-46
1.265682e+01 3.479149e-46
1.268894e+01 3.426901e-46
1.272114e+01 3.375550e-46
1.275342e+01 3.325082e-46
1.278579e+01 3.275479e-46
1.281823e+01 3.226726e-46
1.285076e+01 3.178806e-46
1.288337e+01 3.131703e-46
1.291607e+01 3.085404e-46
1.294885e+01 3.039891e-46
1.298171e+01 2.995152e-46
1.301465e+01 2.951171e-46
1.304768e+01 2.907934e-46
1.308079e+01 2.865427e-46
1.311398e+01 2.823638e-46
1.314726e+01 2.782551e-46
1.318063e+01 2.742155e-46
1.321407e+01 2.702436e-46
1.324761e+01 2.663382e-46
1.328123e+01 2.624980e-46
1.331493e+01 2.587218e-46
1.334872e+01 2.550085e-46
1.338259e+01 2.513568e-46
1.341655e+01 2.477657e-46
1.345060e+01 2.442340e-46
1.348474e+01 2.407606e-46
1.351896e+01 2.373444e-46
1.355326e+01 2.339843e-46
1.358766e+01 2.306794e-46
1.362214e+01 2.274287e-46
1.365671e+01 2.242310e-46
1.369136e+01 2.210855e-46
1.372611e+01 2.179912e-46
1.376094e+01 2.149471e-46
1.379586e+01 2.119523e-46
1.383087e+01 2.090060e-46
1.386597e+01 2.061072e-46
1.390116e+01 2.032551e-46
1.393643e+01 2.004488e-46
1.397180e+01 1.976875e-46
1.400726e+01 1.949704e-46
1.404280e+01 1.922966e-46
1.407844e+01 1.896655e-46
1.411417e+01 1.870761e-46
1.414998e+01 1.845278e-46
1.418589e+01 1.820199e-46
1.422189e+01 1.795515e-46
1.425798e+01 1.771220e-46
1.429416e+01 1.747308e-46
1.433044e+01 1.723770e-46
1.436680e+01 1.700601e-46
1.440326e+01 1.677793e-46
1.443981e+01 1.655341e-46
1.447646e+01 1.633238e-46
1.451319e+01 1.611478e-46
1.455002e+01 1.590055e-46
1.458695e+01 1.568963e-46
1.462397e+01 1.548195e-46
1.466108e+01 1.527747e-46
1.469828e+01 1.507613e-46
1.473558e+01 1.487787e-46
1.477298e+01 1.468264e-46
1.481047e+01 1.449039e-46
1.484805e+01 1.430106e-46
1.488573e+01 1.411460e-46
1.492350e+01 1.393097e-46
1.496138e+01 1.375011e-46
1.499934e+01 1.357198e-46
1.503741e+01 1.339652e-46
1.507557e+01 1.322371e-46
1.511382e+01 1.305348e-46
1.515218e+01 1.288579e-46
1.519063e+01 1.272061e-46
1.522918e+01 1.255788e-46
1.526783e+01 1.239757e-46
1.530657e+01 1.223963e-46
1.534542e+01 1.208403e-46
1.538436e+01 1.193073e-46
1.542340e+01 1.177968e-46
1.546254e+01 1.163085e-46
1.550178e+01 1.148421e-46
1.554112e+01 1.133971e-46
1.558055e+01 1.119731e-46
1.562009e+01 1.105700e-46
1.565973e+01 1.091872e-46
1.569947e+01 1.078245e-46
1.573931e+01 1.064815e-46
1.577925e+01 1.051579e-46
1.581930e+01 1.038533e-46
1.585944e+01 1.025676e-46
1.589969e+01 1.013003e-46
1.594004e+01 1.000511e-46
1.598049e+01 9.881983e-47
1.602104e+01 9.760610e-47
1.606170e+01 9.640965e-47
1.610246e+01 9.523020e-47
1.614332e+01 9.406747e-47
1.618429e+01 9.292120e-47
1.622536e+01 9.179111e-47
1.626653e+01 9.067694e-47
1.630781e+01 8.957845e-47
1.634920e+01 8.849537e-47
1.639069e+01 8.742746e-47
1.643228e+01 8.637449e-47
1.647398e+01 8.533620e-47
1.651579e+01 8.431237e-47
1.655770e+01 8.330277e-47
1.659972e+01 8.230717e-47
1.664184e+01 8.132535e-47
1.668407e+01 8.035710e-47
1.672641e+01 7.940219e-47
1.676886e+01 7.846043e-47
1.681141e+01 7.753160e-47
1.685408e+01 7.661550e-47
1.689685e+01 7.571193e-47
1.693972e+01 7.482071e-47
1.698271e+01 7.394163e-47
1.702581e+01 7.307451e-47
1.706902e+01 7.221916e-47
1.711233e+01 7.137540e-47
1.715576e+01 7.054306e-47
1.719929e+01 6.972195e-47
1.724294e+01 6.891191e-47
1.728670e+01 6.811276e-47
1.733057e+01 6.732435e-47
1.737455e+01 6.654649e-47
1.741864e+01 6.577904e-47
1.746284e+01 6.502184e-47
1.750716e+01 6.427473e-47
1.755158e+01 6.353756e-47
1.759612e+01 6.281017e-47
1.764078e+01 6.209242e-47
1.768554e+01 6.138417e-47
1.773042e+01 6.068528e-47
1.777542e+01 5.999559e-47
1.782053e+01 5.931499e-47
1.786575e+01 5.864332e-47
1.791109e+01 5.798046e-47
1.795654e+01 5.732627e-47
1.800211e+01 5.668063e-47
1.804779e+01 5.604341e-47
1.809359e+01 5.541449e-47
1.813951e+01 5.479374e-47
1.818554e+01 5.418105e-47
1.823169e+01 5.357629e-47
1.827796e+01 5.297935e-47
1.832434e+01 5.239011e-47
1.837084e+01 5.180847e-47
1.841746e+01 5.123431e-47
1.846420e+01 5.066752e-47
1.851106e+01 5.010800e-47
1.855803e+01 4.955564e-47
1.860513e+01 4.901033e-47
1.865234e+01 4.847198e-47
1.869967e+01 4.794048e-47
1.874713e+01 4.741574e-47
1.879470e+01 4.689766e-47
1.884240e+01 4.638615e-47
1.889021e+01 4.588110e-47
1.893815e+01 4.538243e-47
1.898621e+01 4.489005e-47
1.903439e+01 4.440386e-47
1.908270e+01 4.392379e-47
1.913112e+01 4.344974e-47
1.917967e+01 4.298162e-47
1.922834e+01 4.251936e-47
1.927714e+01 4.206287e-47
1.932606e+01 4.161207e-47
1.937510e+01 4.116688e-47
1.942427e+01 4.072723e-47
1.947356e+01 4.029302e-47
1.952298e+01 3.986420e-47
1.957252e+01 3.944068e-47
1.962219e+01 3.902239e-47
1.967199e+01 3.860925e-47
1.972191e+01 3.820120e-47
1.977196e+01 3.779817e-47
1.982213e+01 3.740008e-47
1.987244e+01 3.700687e-47
1.992287e+01 3.661847e-47
1.997342e+01 3.623481e-47
2.002411e+01 3.585583e-47
2.007492e+01 3.548147e-47
2.012587e+01 3.511166e-47
2.017694e+01 3.474634e-47
2.022815e+01 3.438545e-47
2.027948e+01 3.402892e-47
2.033094e+01 3.367671e-47
2.038253e+01 3.332874e-47
2.043426e+01 3.298497e-47
2.048612e+01 3.264534e-47
2.053810e+01 3.230979e-47
2.059022e+01 3.197826e-47
2.064247e+01 3.165070e-47
2.069486e+01 3.132707e-47
2.074738e+01 3.100729e-47
2.080003e+01 3.069134e-47
2.085281e+01 3.037914e-47
2.090573e+01 3.007066e-47
2.095878e+01 2.976585e-47
2.101197e+01 2.946465e-47
2.106529e+01 2.916701e-47
2.111875e+01 2.887290e-47
2.117234e+01 2.858226e-47
2.122607e+01 2.829504e-47
2.127993e+01 2.801121e-47
2.133394e+01 2.773072e-47
2.138807e+01 2.745352e-47
2.144235e+01 2.717957e-47
2.149676e+01 2.690883e-47
2.155132e+01 2.664126e-47
2.160601e+01 2.637681e-47
2.166084e+01 2.611545e-47
2.171581e+01 2.585712e-47
2.177091e+01 2.560181e-47
2.182616e+01 2.534946e-47
2.188155e+01 2.510004e-47
2.193708e+01 2.485350e-47
2.199275e+01 2.460982e-47
2.204856e+01 2.436895e-47
2.210451e+01 2.413087e-47
2.216061e+01 2.389552e-47
2.221684e+01 2.366289e-47
2.227322e+01 2.343292e-47
2.232974e+01 2.320560e-47
2.238641e+01 2.298088e-47
2.244322e+01 2.275874e-47
2.250017e+01 2.253913e-47
2.255727e+01 2.232203e-47
2.261452e+01 2.210741e-47
2.267191e+01 2.189523e-47
2.272944e+01 2.168546e-47
2.278712e+01 2.147808e-47
2.284495e+01 2.127305e-47
2.290292e+01 2.107034e-47
2.296104e+01 2.086992e-47
2.301931e+01 2.067177e-47
2.307773e+01 2.047585e-47
2.313629e+01 2.028215e-47
2.319500e+01 2.009062e-47
2.325386e+01 1.990125e-47
2.331288e+01 1.971400e-47
2.337204e+01 1.952886e-47
2.343135e+01 1.934578e-47
2.349081e+01 1.916476e-47
2.355042e+01 1.898575e-47
2.361018e+01 1.880875e-47
2.367010e+01 1.863372e-47
2.373017e+01 1.846063e-47
2.379039e+01 1.828947e-47
2.385076e+01 1.812021e-47
2.391129e+01 1.795283e-47
2.397197e+01 1.778730e-47
2.403280e+01 1.762361e-47
2.409379e+01 1.746172e-47
2.415493e+01 1.730162e-47
2.421623e+01 1.714328e-47
2.427768e+01 1.698669e-47
2.433929e+01 1.683182e-47
2.440106e+01 1.667865e-47
2.446298e+01 1.652716e-47
2.452506e+01 1.637733e-47
2.458729e+01 1.622914e-47
2.464969e+01 1.608257e-47
2.471224e+01 1.593760e-47
2.477496e+01 1.579421e-47
2.483783e+01 1.565238e-47
2.490086e+01 1.551210e-47
2.496405e+01 1.537334e-47
2.502740e+01 1.523609e-47
2.509091e+01 1.510032e-47
2.515458e+01 1.496602e-47
2.521842e+01 1.483318e-47
2.528242e+01 1.470177e-47
2.534657e+01 1.457178e-47
2.541090e+01 1.444319e-47
2.547538e+01 1.431599e-47
2.554003e+01 1.419015e-47
2.560484e+01 1.406567e-47
2.566982e+01 1.394252e-47
2.573496e+01 1.382069e-47
2.580027e+01 1.370016e-47
2.586574e+01 1.358092e-47
2.593138e+01 1.346296e-47
2.599719e+01 1.334625e-47
2.606316e+01 1.323079e-47
2.612930e+01 1.311655e-47
2.619561e+01 1.300353e-47
2.626209e+01 1.289171e-47
2.632873e+01 1.278108e-47
2.639555e+01 1.267162e-47
2.646253e+01 1.256331e-47
2.652968e+01 1.245616e-47
2.659701e+01 1.235013e-47
2.666450e+01 1.224522e-47
2.673217e+01 1.214141e-47
2.680001e+01 1.203870e-47
2.686802e+01 1.193707e-47
2.693620e+01 1.183650e-47
2.700456e+01 1.173699e-47
2.707308e+01 1.163852e-47
2.714179e+01 1.154108e-47
2.721067e+01 1.144466e-47
2.727972e+01 1.134925e-47
2.734895e+01 1.125483e-47
2.741835e+01 1.116139e-47
2.748793e+01 1.106893e-47
2.755768e+01 1.097743e-47
2.762762e+01 1.088687e-47
2.769773e+01 1.079726e-47
2.776802e+01 1.070857e-47
2.783848e+01 1.062080e-47
2.790913e+01 1.053394e-47
2.797995e+01 1.044798e-47
2.805096e+01 1.036290e-47
2.812214e+01 1.027869e-47
2.819351e+01 1.019536e-47
2.826505e+01 1.011288e-47
2.833678e+01 1.003125e-47
2.840869e+01 9.950449e-48
2.848078e+01 9.870480e-48
2.855306e+01 9.791329e-48
2.862552e+01 9.712987e-48
2.869816e+01 9.635444e-48
2.877099e+01 9.558692e-48
2.884400e+01 9.482722e-48
2.891720e+01 9.407525e-48
2.899058e+01 9.333091e-48
2.906415e+01 9.259414e-48
2.913791e+01 9.186483e-48
2.921185e+01 9.114291e-48
2.928598e+01 9.042829e-48
2.936030e+01 8.972089e-48
2.943481e+01 8.902063e-48
2.950950e+01 8.832744e-48
2.958439e+01 8.764122e-48
2.965946e+01 8.696190e-48
2.973473e+01 8.628942e-48
2.981019e+01 8.562368e-48
2.988584e+01 8.496461e-48
2.996168e+01 8.431215e-48
3.003771e+01 8.366621e-48
3.011394e+01 8.302673e-48
3.019036e+01 8.239362e-48
3.026697e+01 8.176683e-48
3.034378e+01 8.114628e-48
3.042078e+01 8.053191e-48
3.049798e+01 7.992363e-48
3.057538e+01 7.932140e-48
3.065297e+01 7.872513e-48
3.073076e+01 7.813477e-48
3.080874e+01 7.755025e-48
3.088692e+01 7.697150e-48
3.096531e+01 7.639846e-48
3.104389e+01 7.583107e-48
3.112267e+01 7.526926e-48
3.120165e+01 7.471299e-48
3.128083e+01 7.416217e-48
3.136021e+01 7.361676e-48
3.143979e+01 7.307670e-48
3.151958e+01 7.254192e-48
3.159956e+01 7.201237e-48
3.167975e+01 7.148799e-48
3.176015e+01 7.096873e-48
3.184074e+01 7.045453e-48
3.192155e+01 6.994533e-48
3.200255e+01 6.944108e-48
3.208376e+01 6.894173e-48
3.216518e+01 6.844722e-48
3.224681e+01 6.795751e-48
3.232864e+01 6.747253e-48
3.241068e+01 6.699224e-48
3.249293e+01 6.651658e-48
3.257539e+01 6.604552e-48
3.265805e+01 6.557899e-48
3.274093e+01 6.511694e-48
3.282402e+01 6.465934e-48
3.290731e+01 6.420613e-48
3.299082e+01 6.375727e-48
3.307454e+01 6.331270e-48
3.315848e+01 6.287239e-48
3.324262e+01 6.243628e-48
3.332698e+01 6.200433e-48
3.341155e+01 6.157650e-48
3.349634e+01 6.115274e-48
3.358135e+01 6.073301e-48
3.366657e+01 6.031726e-48
3.375200e+01 5.990546e-48
3.383765e+01 5.949756e-48
3.392352e+01 5.909352e-48
3.400961e+01 5.869330e-48
3.409592e+01 5.829686e-48
3.418244e+01 5.790415e-48
3.426919e+01 5.751515e-48
3.435615e+01 5.712980e-48
3.444334e+01 5.674807e-48
3.453074e+01 5.636992e-48
3.461837e+01 5.599532e-48
3.470622e+01 5.562422e-48
3.479430e+01 5.525660e-48
3.488259e+01 5.489240e-48
3.497111e+01 5.453160e-48
3.505986e+01 5.417416e-48
3.514883e+01 5.382005e-48
3.523803e+01 5.346923e-48
3.532745e+01 5.312166e-48
3.541710e+01 5.277732e-48
3.550698e+01 5.243616e-48
3.559709e+01 5.209816e-48
3.568742e+01 5.176328e-48
3.577798e+01 5.143149e-48
3.586878e+01 5.110275e-48
3.595980e+01 5.077704e-48
3.605106e+01 5.045432e-48
3.614254e+01 5.013456e-48
3.623426e+01 4.981774e-48
3.632621e+01 4.950381e-48
3.641840e+01 4.919276e-48
3.651082e+01 4.888454e-48
3.660347e+01 4.857914e-48
3.669636e+01 4.827651e-48
3.678948e+01 4.797665e-48
3.688284e+01 4.767950e-48
3.697644e+01 4.738505e-48
3.707028e+01 4.709327e-48
3.716435e+01 4.680413e-48
3.725866e+01 4.651761e-48
3.735321e+01 4.623367e-48
3.744800e+01 4.595229e-48
3.754303e+01 4.567344e-48
3.763831e+01 4.539711e-48
3.773382e+01 4.512325e-48
3.782958e+01 4.485185e-48
3.792558e+01 4.458289e-48
3.802182e+01 4.431632e-48
3.811831e+01 4.405215e-48
3.821504e+01 4.379032e-48
3.831202e+01 4.353084e-48
3.840924e+01 4.327366e-48
3.850671e+01 4.301877e-48
3.860443e+01 4.276614e-48
3.870240e+01 4.251575e-48
3.880061e+01 4.226757e-48
3.889908e+01 4.202160e-48
3.899779e+01 4.177779e-48
3.909676e+01 4.153614e-48
3.919597e+01 4.129661e-48
3.929544e+01 4.105919e-48
3.939516e+01 4.082386e-48
3.949513e+01 4.059059e-48
3.959536e+01 4.035936e-48
3.969584e+01 4.013016e-48
3.979657e+01 3.990296e-48
3.989757e+01 3.967775e-48
3.999881e+01 3.945449e-48
4.010032e+01 3.923318e-48
4.020208e+01 3.901380e-48
4.030410e+01 3.879632e-48
4.040638e+01 3.858072e-48
4.050892e+01 3.836699e-48
4.061172e+01 3.815511e-48
4.071478e+01 3.794506e-48
4.081810e+01 3.773682e-48
4.092168e+01 3.753037e-48
4.102553e+01 3.732570e-48
4.112964e+01 3.712278e-48
4.123402e+01 3.692161e-48
4.133866e+01 3.672216e-48
4.144356e+01 3.652441e-48
4.154873e+01 3.632836e-48
4.165417e+01 3.613397e-48
4.175987e+01 3.594125e-48
4.186585e+01 3.575016e-48
4.197209e+01 3.556069e-48
4.207860e+01 3.537284e-48
4.218539e+01 3.518657e-48
4.229244e+01 3.500188e-48
4.239977e+01 3.481876e-48
4.250736e+01 3.463717e-48
4.261523e+01 3.445712e-48
4.272338e+01 3.427858e-48
4.283180e+01 3.410155e-48
4.294049e+01 3.392600e-48
4.304946e+01 3.375192e-48
4.315871e+01 3.357929e-48
4.326823e+01 3.340811e-48
4.337803e+01 3.323836e-48
4.348811e+01 3.307003e-48
4.359847e+01 3.290309e-48
4.370911e+01 3.273754e-48
4.382003e+01 3.257337e-48
4.393123e+01 3.241056e-48
4.404272e+01 3.224910e-48
4.415448e+01 3.208897e-48
4.426653e+01 3.193016e-48
4.437887e+01 3.177266e-48
4.449149e+01 3.161646e-48
4.460440e+01 3.146154e-48
4.471759e+01 3.130790e-48
4.483107e+01 3.115551e-48
4.494483e+01 3.100438e-48
4.505889e+01 3.085447e-48
4.517324e+01 3.070580e-48
4.528787e+01 3.055833e-48
4.540280e+01 3.041207e-48
4.551802e+01 3.026699e-48
4.563353e+01 3.012310e-48
4.574933e+01 2.998036e-48
4.586543e+01 2.983879e-48
4.598182e+01 2.969836e-48
4.609851e+01 2.955907e-48
4.621549e+01 2.942089e-48
4.633277e+01 2.928384e-48
4.645035e+01 2.914788e-48
4.656823e+01 2.901301e-48
4.668641e+01 2.887923e-48
4.680488e+01 2.874652e-48
4.692366e+01 2.861487e-48
4.704274e+01 2.848427e-48
4.716212e+01 2.835471e-48
4.728180e+01 2.822619e-48
4.740179e+01 2.809869e-48
4.752208e+01 2.797220e-48
4.764267e+01 2.784671e-48
4.776358e+01 2.772222e-48
4.788479e+01 2.759871e-48
4.800630e+01 2.747618e-48
4.812813e+01 2.735461e-48
4.825026e+01 2.723400e-48
4.837271e+01 2.711435e-48
4.849546e+01 2.699563e-48
4.861853e+01 2.687784e-48
4.874191e+01 2.676097e-48
4.886560e+01 2.664502e-48
4.898960e+01 2.652998e-48
4.911393e+01 2.641583e-48
4.923856e+01 2.630257e-48
4.936351e+01 2.619020e-48
4.948878e+01 2.607869e-48
4.961437e+01 2.596806e-48
4.974028e+01 2.585827e-48
4.986650e+01 2.574934e-48
4.999305e+01 2.564125e-48
5.011992e+01 2.553400e-48
5.024710e+01 2.542757e-48
5.037462e+01 2.532196e-48
5.050245e+01 2.521716e-48
5.063061e+01 2.511316e-48
5.075910e+01 2.500997e-48
5.088791e+01 2.490756e-48
5.101704e+01 2.480593e-48
5.114651e+01 2.470508e-48
5.127630e+01 2.460500e-48
5.140643e+01 2.450568e-48
5.153688e+01 2.440712e-48
5.166767e+01 2.430930e-48
5.179878e+01 2.421223e-48
5.193023e+01 2.411588e-48
5.206202e+01 2.402027e-48
5.219413e+01 2.392538e-48
5.232659e+01 2.383121e-48
5.245937e+01 2.373774e-48
5.259250e+01 2.364497e-48
5.272596e+01 2.355291e-48
5.285977e+01 2.346153e-48
5.299391e+01 2.337083e-48
5.312839e+01 2.328082e-48
5.326321e+01 2.319147e-48
5.339838e+01 2.310279e-48
5.353389e+01 2.301477e-48
5.366974e+01 2.292741e-48
5.380594e+01 2.284069e-48
5.394248e+01 2.275462e-48
5.407937e+01 2.266919e-48
5.421661e+01 2.258438e-48
5.435419e+01 2.250020e-48
5.449213e+01 2.241664e-48
5.463041e+01 2.233370e-48
5.476905e+01 2.225137e-48
5.490803e+01 2.216964e-48
5.504737e+01 2.208851e-48
5.518707e+01 2.200797e-48
5.532712e+01 2.192802e-48
5.546752e+01 2.184866e-48
5.560828e+01 2.176987e-48
5.574939e+01 2.169166e-48
5.589087e+01 2.161402e-48
5.603270e+01 2.153694e-48
5.617490e+01 2.146041e-48
5.631745e+01 2.138445e-48
5.646037e+01 2.130903e-48
5.660365e+01 2.123415e-48
5.674729e+01 2.115982e-48
5.689130e+01 2.108601e-48
5.703567e+01 2.101274e-48
5.718041e+01 2.094000e-48
5.732552e+01 2.086778e-48
5.747099e+01 2.079607e-48
5.761683e+01 2.072487e-48
5.776305e+01 2.065419e-48
5.790963e+01 2.058400e-48
5.805659e+01 2.051432e-48
5.820392e+01 2.044513e-48
5.835162e+01 2.037643e-48
5.849970e+01 2.030822e-48
5.864816e+01 2.024049e-48
5.879699e+01 2.017323e-48
5.894620e+01 2.010646e-48
5.909578e+01 2.004015e-48
5.924575e+01 1.997431e-48
5.939610e+01 1.990893e-48
5.954683e+01 1.984401e-48
5.969794e+01 1.977954e-48
5.984943e+01 1.971552e-48
6.000131e+01 1.965195e-48
6.015358e+01 1.958882e-48
6.030623e+01 1.952613e-48
6.045927e+01 1.946388e-48
6.061269e+01 1.940206e-48
6.076651e+01 1.934066e-48
6.092072e+01 1.927970e-48
6.107532e+01 1.921915e-48
6.123031e+01 1.915902e-48
6.138569e+01 1.909930e-48
6.154147e+01 1.903999e-48
6.169764e+01 1.898109e-48
6.185421e+01 1.892259e-48
6.201118e+01 1.886449e-48
6.216854e+01 1.880679e-48
6.232631e+01 1.874949e-48
6.248447e+01 1.869257e-48
6.264304e+01 1.863604e-48
6.280201e+01 1.857989e-48
6.296138e+01 1.852412e-48
6.312116e+01 1.846873e-48
6.328134e+01 1.841371e-48
6.344193e+01 1.835907e-48
6.360292e+01 1.830479e-48
6.376433e+01 1.825088e-48
6.392614e+01 1.819732e-48
6.408837e+01 1.814413e-48
6.425101e+01 1.809129e-48
6.441405e+01 1.803881e-48
6.457752e+01 1.798667e-48
6.474140e+01 1.793488e-48
6.490569e+01 1.788343e-48
6.507040e+01 1.783233e-48
6.523553e+01 1.778156e-48
6.540108e+01 1.773113e-48
6.556704e+01 1.768103e-48
6.573343e+01 1.763126e-48
6.590025e+01 1.758182e-48
6.606748e+01 1.753270e-48
6.623514e+01 1.748391e-48
6.640322e+01 1.743543e-48
6.657173e+01 1.738727e-48
6.674067e+01 1.733942e-48
6.691004e+01 1.729188e-48
6.707984e+01 1.724465e-48
6.725007e+01 1.719773e-48
6.742073e+01 1.715111e-48
6.759182e+01 1.710480e-48
6.776335e+01 1.705878e-48
6.793531e+01 1.701305e-48
6.810771e+01 1.696762e-48
6.828054e+01 1.692248e-48
6.845382e+01 1.687763e-48
6.862753e+01 1.683307e-48
6.880169e+01 1.678879e-48
6.897629e+01 1.674479e-48
6.915133e+01 1.670107e-48
6.932681e+01 1.665763e-48
6.950274e+01 1.661446e-48
6.967912e+01 1.657156e-48
6.985594e+01 1.652894e-48
7.003322e+01 1.648658e-48
7.021094e+01 1.644449e-48
7.038911e+01 1.640266e-48
7.056774e+01 1.636110e-48
7.074682e+01 1.631979e-48
7.092635e+01 1.627874e-48
7.110634e+01 1.623794e-48
7.128679e+01 1.619740e-48
7.146769e+01 1.615711e-48
7.164906e+01 1.611707e-48
7.183088e+01 1.607727e-48
7.201316e+01 1.603772e-48
7.219591e+01 1.599841e-48
7.237912e+01 1.595935e-48
7.256280e+01 1.592052e-48
7.274694e+01 1.588193e-48
7.293155e+01 1.584357e-48
7.311663e+01 1.580545e-48
7.330218e+01 1.576756e-48
7.348819e+01 1.572989e-48
7.367468e+01 1.569246e-48
7.386165e+01 1.565525e-48
7.404909e+01 1.561826e-48
7.423700e+01 1.558150e-48
7.442539e+01 1.554495e-48
7.461426e+01 1.550863e-48
7.480361e+01 1.547252e-48
7.499344e+01 1.543662e-48
7.518375e+01 1.540094e-48
7.537454e+01 1.536547e-48
7.556582e+01 1.533021e-48
7.575758e+01 1.529516e-48
7.594983e+01 1.526031e-48
7.614257e+01 1.522567e-48
7.633579e+01 1.519123e-48
7.652951e+01 1.515700e-48
7.672372e+01 1.512296e-48
7.691842e+01 1.508912e-48
7.711362e+01 1.505548e-48
7.730931e+01 1.502203e-48
7.750549e+01 1.498877e-48
7.770218e+01 1.495571e-48
7.789936e+01 1.492284e-48
7.809705e+01 1.489015e-48
7.829523e+01 1.485766e-48
7.849392e+01 1.482535e-48
7.869312e+01 1.479322e-48
7.889282e+01 1.476128e-48
7.909302e+01 1.472952e-48
7.929374e+01 1.469793e-48
7.949496e+01 1.466653e-48
7.969669e+01 1.463530e-48
7.989894e+01 1.460425e-48
8.010170e+01 1.457338e-48
8.030497e+01 1.454267e-48
8.050876e+01 1.451214e-48
8.071307e+01 1.448178e-48
8.091789e+01 1.445158e-48
8.112324e+01 1.442156e-48
8.132910e+01 1.439170e-48
8.153549e+01 1.436200e-48
8.174240e+01 1.433247e-48
8.194984e+01 1.430310e-48
8.215780e+01 1.427390e-48
8.236630e+01 1.424485e-48
8.257532e+01 1.421596e-48
8.278487e+01 1.418723e-48
8.299495e+01 1.415865e-48
8.320556e+01 1.413023e-48
8.341672e+01 1.410196e-48
8.362840e+01 1.407385e-48
8.384062e+01 1.404588e-48
8.405339e+01 1.401807e-48
8.426669e+01 1.399040e-48
8.448053e+01 1.396288e-48
8.469492e+01 1.393551e-48
8.490985e+01 1.390829e-48
8.512532e+01 1.388121e-48
8.534134e+01 1.385427e-48
8.555791e+01 1.382747e-48
8.577503e+01 1.380082e-48
8.599270e+01 1.377430e-48
8.621093e+01 1.374793e-48
8.642970e+01 1.372169e-48
8.664904e+01 1.369559e-48
8.686893e+01 1.366962e-48
8.708937e+01 1.364379e-48
8.731038e+01 1.361810e-48
8.753194e+01 1.359253e-48
8.775407e+01 1.356710e-48
8.797677e+01 1.354180e-48
8.820003e+01 1.351663e-48
8.842385e+01 1.349158e-48
8.864824e+01 1.346667e-48
8.887320e+01 1.344188e-48
8.909874e+01 1.341721e-48
8.932484e+01 1.339267e-48
8.955152e+01 1.336826e-48
8.977878e+01 1.334397e-48
9.000661e+01 1.331980e-48
9.023502e+01 1.329575e-48
9.046401e+01 1.327182e-48
9.069357e+01 1.324802e-48
9.092373e+01 1.322433e-48
9.115446e+01 1.320075e-48
9.138579e+01 1.317730e-48
9.161770e+01 1.315396e-48
9.185019e+01 1.313073e-48
9.208328e+01 1.310762e-48
9.231696e+01 1.308463e-48
9.255123e+01 1.306174e-48
9.278610e+01 1.303897e-48
9.302156e+01 1.301631e-48
9.325762e+01 1.299376e-48
9.349428e+01 1.297132e-48
9.373154e+01 1.294898e-48
9.396940e+01 1.292676e-48
9.420787e+01 1.290464e-48
9.444694e+01 1.288262e-48
9.468662e+01 1.286072e-48
9.492690e+01 1.283892e-48
9.516780e+01 1.281722e-48
9.540930e+01 1.279562e-48
9.565142e+01 1.277413e-48
9.589416e+01 1.275274e-48
9.613751e+01 1.273145e-48
9.638147e+01 1.271026e-48
9.662606e+01 1.268917e-48
9.687127e+01 1.266818e-48
9.711710e+01 1.264729e-48
9.736355e+01 1.262649e-48
9.761063e+01 1.260579e-48
9.785834e+01 1.258519e-48
9.810667e+01 1.256469e-48
9.835564e+01 1.254427e-48
9.860523e+01 1.252396e-48
9.885546e+01 1.250373e-48
9.910633e+01 1.248360e-48
9.935783e+01 1.246356e-48
9.960997e+01 1.244362e-48
9.986275e+01 1.242376e-48
1.001162e+02 1.240400e-48
1.003702e+02 1.238432e-48
1.006249e+02 1.236473e-48
1.008803e+02 1.234524e-48
1.011363e+02 1.232583e-48
1.013930e+02 1.230651e-48
1.016503e+02 1.228727e-48
1.019082e+02 1.226812e-48
1.021668e+02 1.224906e-48
1.024261e+02 1.223008e-48
1.026860e+02 1.221119e-48
1.029466e+02 1.219238e-48
1.032079e+02 1.217365e-48
1.034698e+02 1.215501e-48
1.037323e+02 1.213645e-48
1.039956e+02 1.211797e-48
1.042595e+02 1.209957e-48
1.045241e+02 1.208125e-48
1.047893e+02 1.206302e-48
1.050552e+02 1.204486e-48
1.053218e+02 1.202678e-48
1.055891e+02 1.200878e-48
1.058571e+02 1.199086e-48
1.061257e+02 1.197302e-48
1.063950e+02 1.195525e-48
1.066650e+02 1.193757e-48
1.069357e+02 1.191995e-48
1.072071e+02 1.190242e-48
1.074791e+02 1.188495e-48
1.077519e+02 1.186757e-48
1.080253e+02 1.185026e-48
1.082994e+02 1.183302e-48
1.085743e+02 1.181585e-48
1.088498e+02 1.179876e-48
1.091260e+02 1.178174e-48
1.094030e+02 1.176479e-48
1.096806e+02 1.174792e-48
1.099589e+02 1.173111e-48
1.102380e+02 1.171438e-48
1.105177e+02 1.169772e-48
1.107982e+02 1.168112e-48
1.110794e+02 1.166460e-48
1.113612e+02 1.164815e-48
1.116438e+02 1.163176e-48
1.119272e+02 1.161544e-48
1.122112e+02 1.159919e-48
1.124960e+02 1.158301e-48
1.127814e+02 1.156690e-48
1.130676e+02 1.155085e-48
1.133546e+02 1.153487e-48
1.136422e+02 1.151895e-48
1.139306e+02 1.150310e-48
1.142197e+02 1.148732e-48
1.145096e+02 1.147160e-48
1.148002e+02 1.145594e-48
1.150915e+02 1.144035e-48
1.153836e+02 1.142482e-48
1.156764e+02 1.140936e-48
1.159699e+02 1.139396e-48
1.162642e+02 1.137862e-48
1.165593e+02 1.136334e-48
1.168551e+02 1.134813e-48
1.171516e+02 1.133297e-48
1.174489e+02 1.131788e-48
1.177470e+02 1.130285e-48
1.180458e+02 1.128788e-48
1.183453e+02 1.127297e-48
1.186456e+02 1.125812e-48
1.189467e+02 1.124333e-48
1.192486e+02 1.122860e-48
1.195512e+02 1.121393e-48
1.198546e+02 1.119932e-48
1.201587e+02 1.118476e-48
1.204637e+02 1.117027e-48
1.207694e+02 1.115583e-48
1.210758e+02 1.114145e-48
1.213831e+02 1.112712e-48
1.216911e+02 1.111285e-48
1.219999e+02 1.109864e-48
1.223095e+02 1.108449e-48
1.226199e+02 1.107039e-48
1.229311e+02 1.105635e-48
1.232431e+02 1.104236e-48
1.235558e+02 1.102843e-48
1.238694e+02 1.101455e-48
1.241837e+02 1.100073e-48
1.244988e+02 1.098696e-48
1.248148e+02 1.097324e-48
1.251315e+02 1.095958e-48
1.254491e+02 1.094597e-48
1.257674e+02 1.093242e-48
1.260866e+02 1.091892e-48
1.264065e+02 1.090547e-48
1.267273e+02 1.089207e-48
1.270489e+02 1.087873e-48
1.273713e+02 1.086544e-48
1.276946e+02 1.085220e-48
1.280186e+02 1.083901e-48
1.283435e+02 1.082587e-48
1.286692e+02 1.081279e-48
1.289957e+02 1.079975e-48
1.293231e+02 1.078677e-48
1.296512e+02 1.077383e-48
1.299803e+02 1.076095e-48
1.303101e+02 1.074811e-48
1.306408e+02 1.073533e-48
1.309723e+02 1.072259e-48
1.313047e+02 1.070990e-48
1.316379e+02 1.069726e-48
1.319720e+02 1.068468e-48
1.323069e+02 1.067213e-48
1.326426e+02 1.065964e-48
1.329792e+02 1.064720e-48
1.333167e+02 1.063480e-48
1.336550e+02 1.062245e-48
1.339942e+02 1.061015e-48
1.343342e+02 1.059789e-48
1.346751e+02 1.058569e-48
1.350169e+02 1.057353e-48
1.353595e+02 1.056141e-48
1.357030e+02 1.054934e-48
1.360474e+02 1.053732e-48
1.363926e+02 1.052535e-48
1.367387e+02 1.051342e-48
1.370857e+02 1.050153e-48
1.374336e+02 1.048970e-48
1.377824e+02 1.047790e-48
1.381320e+02 1.046615e-48
1.384826e+02 1.045445e-48
1.388340e+02 1.044279e-48
1.391863e+02 1.043118e-48
1.395395e+02 1.041961e-48
1.398936e+02 1.040808e-48
1.402486e+02 1.039660e-48
1.406046e+02 1.038516e-48
1.409614e+02 1.037377e-48
1.413191e+02 1.036242e-48
1.416777e+02 1.035111e-48
1.420372e+02 1.033985e-48
1.423977e+02 1.032863e-48
1.427591e+02 1.031745e-48
1.431213e+02 1.030631e-48
1.434845e+02 1.029522e-48
1.438486e+02 1.028417e-48
1.442137e+02 1.027316e-48
1.445797e+02 1.026219e-48
1.449466e+02 1.025127e-48
1.453144e+02 1.024039e-48
1.456832e+02 1.022955e-48
1.460529e+02 1.021875e-48
1.464235e+02 1.020799e-48
1.467951e+02 1.019727e-48
1.471676e+02 1.018659e-48
1.475411e+02 1.017596e-48
1.479155e+02 1.016536e-48
1.482908e+02 1.015481e-48
1.486672e+02 1.014430e-48
1.490444e+02 1.013382e-48
1.494227e+02 1.012339e-48
1.498018e+02 1.011300e-48
1.501820e+02 1.010264e-48
1.505631e+02 1.009233e-48
1.509452e+02 1.008205e-48
1.513282e+02 1.007182e-48
1.517123e+02 1.006162e-48
1.520973e+02 1.005147e-48
1.524832e+02 1.004135e-48
1.528702e+02 1.003127e-48
1.532581e+02 1.002124e-48
1.536471e+02 1.001124e-48
1.540370e+02 1.000127e-48
1.544279e+02 9.991351e-49
1.548198e+02 9.981466e-49
1.552126e+02 9.971620e-49
1.556065e+02 9.961812e-49
1.560014e+02 9.952042e-49
1.563973e+02 9.942310e-49
1.567942e+02 9.932615e-49
1.571921e+02 9.922959e-49
1.575910e+02 9.913340e-49
1.579909e+02 9.903758e-49
1.583918e+02 9.894214e-49
1.587938e+02 9.884707e-49
1.591967e+02 9.875238e-49
1.596007e+02 9.865805e-49
1.600058e+02 9.856409e-49
1.604118e+02 9.847051e-49
1.608189e+02 9.837729e-49
1.612270e+02 9.828443e-49
1.616361e+02 9.819194e-49
1.620463e+02 9.809982e-49
1.624575e+02 9.800806e-49
1.628698e+02 9.791667e-49
1.632831e+02 9.782563e-49
1.636975e+02 9.773496e-49
1.641129e+02 9.764465e-49
1.645294e+02 9.755469e-49
1.649469e+02 9.746510e-49
1.653655e+02 9.737586e-49
1.657851e+02 9.728697e-49
1.662058e+02 9.719845e-49
1.666276e+02 9.711028e-49
1.670505e+02 9.702246e-49
1.674744e+02 9.693499e-49
1.678994e+02 9.684788e-49
1.683255e+02 9.676112e-49
1.687526e+02 9.667471e-49
1.691809e+02 9.658865e-49
1.696102e+02 9.650294e-49
1.700406e+02 9.641757e-49
1.704721e+02 9.633256e-49
1.709047e+02 9.624789e-49
1.713384e+02 9.616356e-49
1.717732e+02 9.607959e-49
1.722091e+02 9.599595e-49
1.726462e+02 9.591266e-49
1.730843e+02 9.582972e-49
1.735235e+02 9.574711e-49
1.739639e+02 9.566485e-49
1.744053e+02 9.558293e-49
1.748479e+02 9.550135e-49
1.752916e+02 9.542010e-49
1.757365e+02 9.533920e-49
1.761824e+02 9.525864e-49
1.766295e+02 9.517841e-49
1.770778e+02 9.509852e-49
1.775271e+02 9.501897e-49
1.779776e+02 9.493975e-49
1.784293e+02 9.486087e-49
1.788821e+02 9.478232e-49
1.793360e+02 9.470411e-49
1.797911e+02 9.462623e-49
1.802474e+02 9.454868e-49
1.807048e+02 9.447147e-49
1.811634e+02 9.439458e-49
1.816231e+02 9.431803e-49
1.820840e+02 9.424181e-49
1.825461e+02 9.416592e-49
1.830093e+02 9.409036e-49
1.834738e+02 9.401513e-49
1.839394e+02 9.394022e-49
1.844061e+02 9.386565e-49
1.848741e+02 9.379140e-49
1.853433e+02 9.371748e-49
1.858136e+02 9.364389e-49
1.862851e+02 9.357062e-49
1.867579e+02 9.349768e-49
1.872318e+02 9.342506e-49
1.877070e+02 9.335277e-49
1.881833e+02 9.328081e-49
1.886608e+02 9.320916e-49
1.891396e+02 9.313785e-49
1.896196e+02 9.306685e-49
1.901008e+02 9.299618e-49
1.905832e+02 9.292583e-49
1.910668e+02 9.285580e-49
1.915517e+02 9.278609e-49
1.920378e+02 9.271671e-49
1.925251e+02 9.264764e-49
1.930137e+02 9.257890e-49
1.935035e+02 9.251048e-49
1.939946e+02 9.244238e-49
1.944869e+02 9.237459e-49
1.949804e+02 9.230713e-49
1.954752e+02 9.223998e-49
1.959713e+02 9.217316e-49
1.964686e+02 9.210665e-49
1.969672e+02 9.204046e-49
1.974670e+02 9.197459e-49
1.979681e+02 9.190903e-49
1.984705e+02 9.184380e-49
1.989742e+02 9.177888e-49
1.994791e+02 9.171427e-49
1.999853e+02 9.164999e-49
2.004928e+02 9.158602e-49
2.010016e+02 9.152236e-49
2.015117e+02 9.145902e-49
2.020231e+02 9.139600e-49
2.025357e+02 9.133329e-49
2.030497e+02 9.127090e-49
2.035650e+02 9.120882e-49
2.040816e+02 9.114706e-49
2.045995e+02 9.108561e-49
2.051187e+02 9.102448e-49
2.056392e+02 9.096366e-49
2.061611e+02 9.090315e-49
2.066842e+02 9.084296e-49
2.072087e+02 9.078309e-49
2.077346e+02 9.072352e-49
2.082617e+02 9.066427e-49
2.087902e+02 9.060534e-49
2.093201e+02 9.054671e-49
2.098513e+02 9.048840e-49
2.103838e+02 9.043041e-49
2.109177e+02 9.037272e-49
2.114529e+02 9.031535e-49
2.119895e+02 9.025829e-49
2.125275e+02 9.020155e-49
2.130668e+02 9.014512e-49
2.136075e+02 9.008900e-49
2.141496e+02 9.003319e-49
2.146931e+02 8.997769e-49
2.152379e+02 8.992251e-49
2.157841e+02 8.986764e-49
2.163317e+02 8.981309e-49
2.168807e+02 8.975884e-49
2.174310e+02 8.970491e-49
2.179828e+02 8.965129e-49
2.185360e+02 8.959798e-49
2.190906e+02 8.954499e-49
2.196466e+02 8.949230e-49
2.202039e+02 8.943993e-49
2.207628e+02 8.938788e-49
2.213230e+02 8.933613e-49
2.218846e+02 8.928470e-49
2.224477e+02 8.923358e-49
2.230122e+02 8.918277e-49
2.235782e+02 8.913228e-49
2.241455e+02 8.908210e-49
2.247143e+02 8.903223e-49
2.252846e+02 8.898267e-49
2.258563e+02 8.893343e-49
2.264295e+02 8.888450e-49
2.270041e+02 8.883589e-49
2.275801e+02 8.878759e-49
2.281577e+02 8.873960e-49
2.287367e+02 8.869192e-49
2.293171e+02 8.864456e-49
2.298991e+02 8.859751e-49
2.304825e+02 8.855078e-49
2.310674e+02 8.850436e-49
2.316537e+02 8.845826e-49
2.322416e+02 8.841247e-49
2.328310e+02 8.836699e-49
2.334218e+02 8.832183e-49
2.340142e+02 8.827699e-49
2.346080e+02 8.823246e-49
2.352034e+02 8.818824e-49
2.358003e+02 8.814435e-49
2.363986e+02 8.810076e-49
2.369986e+02 8.805750e-49
2.376000e+02 8.801455e-49
2.382029e+02 8.797191e-49
2.388074e+02 8.792960e-49
2.394134e+02 8.788760e-49
2.400210e+02 8.784592e-49
2.406301e+02 8.780455e-49
2.412408e+02 8.776351e-49
2.418529e+02 8.772278e-49
2.424667e+02 8.768237e-49
2.430820e+02 8.764228e-49
2.436989e+02 8.760251e-49
2.443173e+02 8.756306e-49
2.449373e+02 8.752393e-49
2.455589e+02 8.748511e-49
2.461820e+02 8.744662e-49
2.468068e+02 8.740845e-49
2.474331e+02 8.737060e-49
2.480610e+02 8.733307e-49
2.486905e+02 8.729587e-49
2.493216e+02 8.725898e-49
2.499543e+02 8.722242e-49
2.505886e+02 8.718618e-49
2.512245e+02 8.715027e-49
2.518621e+02 8.711468e-49
2.525012e+02 8.707941e-49
2.531420e+02 8.704446e-49
2.537844e+02 8.700985e-49
2.544284e+02 8.697555e-49
2.550741e+02 8.694159e-49
2.557214e+02 8.690794e-49
2.563703e+02 8.687463e-49
2.570209e+02 8.684164e-49
2.576731e+02 8.680898e-49
2.583270e+02 8.677665e-49
2.589826e+02 8.674465e-49
2.596398e+02 8.671297e-49
2.602987e+02 8.668163e-49
2.609592e+02 8.665061e-49
2.616215e+02 8.661993e-49
2.622854e+02 8.658958e-49
2.629510e+02 8.655955e-49
2.636183e+02 8.652986e-49
2.642873e+02 8.650051e-49
2.649579e+02 8.647148e-49
2.656303e+02 8.644279e-49
2.663044e+02 8.641443e-49
2.669802e+02 8.638641e-49
2.676577e+02 8.635872e-49
2.683370e+02 8.633137e-49
2.690179e+02 8.630436e-49
2.697006e+02 8.627768e-49
2.703850e+02 8.625134e-49
2.710712e+02 8.622534e-49
2.717591e+02 8.619968e-49
2.724487e+02 8.617435e-49
2.731401e+02 8.614937e-49
2.738333e+02 8.612473e-49
2.745282e+02 8.610043e-49
2.752248e+02 8.607647e-49
2.759233e+02 8.605285e-49
2.766235e+02 8.602958e-49
2.773255e+02 8.600665e-49
2.780292e+02 8.598406e-49
2.787348e+02 8.596182e-49
2.794421e+02 8.593993e-49
2.801513e+02 8.591838e-49
2.808622e+02 8.589719e-49
2.815749e+02 8.587634e-49
2.822895e+02 8.585583e-49
2.830059e+02 8.583568e-49
2.837240e+02 8.581588e-49
2.844440e+02 8.579643e-49
2.851659e+02 8.577733e-49
2.858895e+02 8.575858e-49
2.866150e+02 8.574019e-49
2.873424e+02 8.572215e-49
2.880716e+02 8.570447e-49
2.888026e+02 8.568714e-49
2.895355e+02 8.567017e-49
2.902702e+02 8.565356e-49
2.910069e+02 8.563730e-49
2.917453e+02 8.562141e-49
2.924857e+02 8.560587e-49
2.932279e+02 8.559069e-49
2.939721e+02 8.557588e-49
2.947181e+02 8.556143e-49
2.954660e+02 8.554734e-49
2.962158e+02 8.553362e-49
2.969675e+02 8.552026e-49
2.977211e+02 8.550726e-49
2.984766e+02 8.549464e-49
2.992341e+02 8.548238e-49
2.999934e+02 8.547049e-49
3.007547e+02 8.545897e-49
3.015180e+02 8.544782e-49
3.022831e+02 8.543704e-49
3.030502e+02 8.542664e-49
3.038193e+02 8.541661e-49
3.045903e+02 8.540695e-49
3.053632e+02 8.539767e-49
3.061381e+02 8.538876e-49
3.069150e+02 8.538023e-49
3.076939e+02 8.537208e-49
3.084747e+02 8.536431e-49
3.092575e+02 8.535692e-49
3.100423e+02 8.534991e-49
3.108291e+02 8.534329e-49
3.116179e+02 8.533704e-49
3.124087e+02 8.533118e-49
3.132015e+02 8.532571e-49
3.139963e+02 8.532063e-49
3.147931e+02 8.531593e-49
3.155920e+02 8.531162e-49
3.163929e+02 8.530770e-49
3.171958e+02 8.530417e-49
3.180007e+02 8.530103e-49
3.188077e+02 8.529829e-49
3.196167e+02 8.529594e-49
3.204278e+02 8.529399e-49
3.212410e+02 8.529243e-49
3.220562e+02 8.529128e-49
3.228735e+02 8.529052e-49
3.236928e+02 8.529016e-49
3.245142e+02 8.529020e-49
3.253378e+02 8.529065e-49
3.261634e+02 8.529149e-49
3.269911e+02 8.529275e-49
3.278209e+02 8.529441e-49
3.286528e+02 8.529648e-49
3.294868e+02 8.529895e-49
3.303229e+02 8.530184e-49
3.311612e+02 8.530514e-49
3.320016e+02 8.530885e-49
3.328441e+02 8.531297e-49
3.336888e+02 8.531751e-49
3.345356e+02 8.532247e-49
3.353845e+02 8.532784e-49
3.362356e+02 8.533364e-49
3.370889e+02 8.533985e-49
3.379443e+02 8.534648e-49
3.388019e+02 8.535354e-49
3.396617e+02 8.536102e-49
3.405236e+02 8.536893e-49
3.413878e+02 8.537727e-49
3.422541e+02 8.538603e-49
3.431227e+02 8.539523e-49
3.439934e+02 8.540485e-49
3.448663e+02 8.541491e-49
3.457415e+02 8.542540e-49
3.466189e+02 8.543633e-49
3.474985e+02 8.544769e-49
3.483804e+02 8.545950e-49
3.492644e+02 8.547174e-49
3.501508e+02 8.548443e-49
3.510393e+02 8.549755e-49
3.519302e+02 8.551113e-49
3.528233e+02 8.552515e-49
3.537186e+02 8.553961e-49
3.546162e+02 8.555453e-49
3.555162e+02 8.556989e-49
3.564183e+02 8.558571e-49
3.573228e+02 8.560198e-49
3.582296e+02 8.561871e-49
3.591387e+02 8.563589e-49
3.600501e+02 8.565353e-49
3.609638e+02 8.567164e-49
3.618798e+02 8.569020e-49
3.627981e+02 8.570923e-49
3.637188e+02 8.572872e-49
3.646418e+02 8.574868e-49
3.655671e+02 8.576910e-49
3.664948e+02 8.579000e-49
3.674249e+02 8.581137e-49
3.683573e+02 8.583321e-49
3.692921e+02 8.585553e-49
3.702292e+02 8.587832e-49
3.711688e+02 8.590159e-49
3.721107e+02 8.592534e-49
3.730550e+02 8.594958e-49
3.740017e+02 8.597430e-49
3.749508e+02 8.599950e-49
3.759023e+02 8.602519e-49
3.768562e+02 8.605137e-49
3.778126e+02 8.607804e-49
3.787713e+02 8.610520e-49
3.797325e+02 8.613285e-49
3.806962e+02 8.616101e-49
3.816623e+02 8.618966e-49
3.826308e+02 8.621881e-49
3.836018e+02 8.624846e-49
3.845753e+02 8.627862e-49
3.855512e+02 8.630928e-49
3.865296e+02 8.634045e-49
3.875105e+02 8.637213e-49
3.884939e+02 8.640432e-49
3.894798e+02 8.643702e-49
3.904682e+02 8.647024e-49
3.914590e+02 8.650398e-49
3.924524e+02 8.653823e-49
3.934484e+02 8.657301e-49
3.944468e+02 8.660831e-49
3.954478e+02 8.664413e-49
3.964513e+02 8.668049e-49
3.974574e+02 8.671737e-49
3.984660e+02 8.675478e-49
3.994772e+02 8.679273e-49
4.004910e+02 8.683121e-49
4.015073e+02 8.687023e-49
4.025262e+02 8.690979e-49
4.035477e+02 8.694989e-49
4.045718e+02 8.699053e-49
4.055984e+02 8.703172e-49
4.066277e+02 8.707346e-49
4.076596e+02 8.711575e-49
4.086941e+02 8.715859e-49
4.097313e+02 8.720199e-49
4.107710e+02 8.724594e-49
4.118135e+02 8.729045e-49
4.128585e+02 8.733553e-49
4.139062e+02 8.738116e-49
4.149566e+02 8.742737e-49
4.160096e+02 8.747414e-49
4.170653e+02 8.752148e-49
4.181237e+02 8.756940e-49
4.191848e+02 8.761789e-49
4.202485e+02 8.766695e-49
4.213150e+02 8.771660e-49
4.223842e+02 8.776683e-49
4.234561e+02 8.781764e-49
4.245307e+02 8.786904e-49
4.256080e+02 8.792103e-49
4.266880e+02 8.797361e-49
4.277708e+02 8.802679e-49
4.288564e+02 8.808056e-49
4.299447e+02 8.813493e-49
4.310358e+02 8.818991e-49
4.321296e+02 8.824548e-49
4.332262e+02 8.830166e-49
4.343256e+02 8.835846e-49
4.354278e+02 8.841586e-49
4.365328e+02 8.847388e-49
4.376406e+02 8.853251e-49
4.387512e+02 8.859176e-49
4.398646e+02 8.865164e-49
4.409808e+02 8.871213e-49
4.420999e+02 8.877326e-49
4.432218e+02 8.883501e-49
4.443466e+02 8.889740e-49
4.454742e+02 8.896042e-49
4.466047e+02 8.902408e-49
4.477380e+02 8.908838e-49
4.488742e+02 8.915332e-49
4.500133e+02 8.921891e-49
4.511553e+02 8.928515e-49
4.523002e+02 8.935203e-49
4.534480e+02 8.941957e-49
4.545987e+02 8.948777e-49
4.557524e+02 8.955663e-49
4.569089e+02 8.962615e-49
4.580684e+02 8.969633e-49
4.592309e+02 8.976718e-49
4.603963e+02 8.983870e-49
4.615646e+02 8.991090e-49
4.627359e+02 8.998377e-49
4.639102e+02 9.005733e-49
4.650875e+02 9.013156e-49
4.662677e+02 9.020648e-49
4.674509e+02 9.028209e-49
4.686372e+02 9.035839e-49
4.698265e+02 9.043538e-49
4.710187e+02 9.051307e-49
4.722140e+02 9.059146e-49
4.734124e+02 9.067055e-49
4.746137e+02 9.075035e-49
4.758182e+02 9.083086e-49
4.770256e+02 9.091208e-49
4.782362e+02 9.099402e-49
4.794498e+02 9.107668e-49
4.806665e+02 9.116005e-49
4.818863e+02 9.124415e-49
4.831092e+02 9.132899e-49
4.843351e+02 9.141455e-49
4.855642e+02 9.150084e-49
4.867965e+02 9.158788e-49
4.880318e+02 9.167565e-49
4.892703e+02 9.176417e-49
4.905119e+02 9.185344e-49
4.917567e+02 9.194346e-49
4.930046e+02 9.203423e-49
4.942557e+02 9.212576e-49
4.955099e+02 9.221805e-49
4.967674e+02 9.231110e-49
4.980280e+02 9.240492e-49
4.992919e+02 9.249952e-49
5.005589e+02 9.259488e-49
5.018292e+02 9.269103e-49
5.031027e+02 9.278796e-49
5.043794e+02 9.288567e-49
5.056594e+02 9.298417e-49
5.069426e+02 9.308346e-49
5.082290e+02 9.318355e-49
5.095188e+02 9.328443e-49
5.108118e+02 9.338612e-49
5.121081e+02 9.348861e-49
5.134076e+02 9.359192e-49
5.147105e+02 9.369604e-49
5.160167e+02 9.380097e-49
5.173262e+02 9.390673e-49
5.186390e+02 9.401331e-49
5.199551e+02 9.412071e-49
5.212746e+02 9.422895e-49
5.225975e+02 9.433803e-49
5.239237e+02 9.444794e-49
5.252532e+02 9.455870e-49
5.265861e+02 9.467031e-49
5.279225e+02 9.478276e-49
5.292622e+02 9.489607e-49
5.306053e+02 9.501024e-49
5.319518e+02 9.512527e-49
5.333017e+02 9.524117e-49
5.346551e+02 9.535794e-49
5.360119e+02 9.547558e-49
5.373721e+02 9.559410e-49
5.387358e+02 9.571350e-49
5.401029e+02 9.583379e-49
5.414735e+02 9.595497e-49
5.428476e+02 9.607705e-49
5.442252e+02 9.620002e-49
5.456063e+02 9.632389e-49
5.469909e+02 9.644868e-49
5.483790e+02 9.657437e-49
5.497706e+02 9.670098e-49
5.511657e+02 9.682850e-49
5.525644e+02 9.695695e-49
5.539667e+02 9.708633e-49
5.553725e+02 9.721664e-49
5.567818e+02 9.734789e-49
5.581948e+02 9.748008e-49
5.596113e+02 9.761321e-49
5.610314e+02 9.774729e-49
5.624551e+02 9.788233e-49
5.638825e+02 9.801832e-49
5.653134e+02 9.815528e-49
5.667480e+02 9.829320e-49
5.681863e+02 9.843210e-49
5.696281e+02 9.857197e-49
5.710737e+02 9.871282e-49
5.725229e+02 9.885466e-49
5.739758e+02 9.899748e-49
5.754324e+02 9.914130e-49
5.768926e+02 9.928612e-49
5.783566e+02 9.943195e-49
5.798243e+02 9.957878e-49
5.812957e+02 9.972662e-49
5.827709e+02 9.987549e-49
5.842498e+02 1.000254e-48
5.857324e+02 1.001763e-48
5.872188e+02 1.003282e-48
5.887090e+02 1.004812e-48
5.902030e+02 1.006352e-48
5.917007e+02 1.007903e-48
5.932023e+02 1.009464e-48
5.947076e+02 1.011036e-48
5.962168e+02 1.012618e-48
5.977298e+02 1.014211e-48
5.992467e+02 1.015815e-48
6.007674e+02 1.017430e-48
6.022920e+02 1.019055e-48
6.038204e+02 1.020691e-48
6.053527e+02 1.022338e-48
6.068889e+02 1.023996e-48
6.084290e+02 1.025665e-48
6.099730e+02 1.027346e-48
6.115209e+02 1.029037e-48
6.130728e+02 1.030739e-48
6.146286e+02 1.032453e-48
6.161883e+02 1.034178e-48
6.177520e+02 1.035914e-48
6.193197e+02 1.037662e-48
6.208913e+02 1.039421e-48
6.224670e+02 1.041192e-48
6.240466e+02 1.042974e-48
6.256302e+02 1.044768e-48
6.272179e+02 1.046574e-48
6.288096e+02 1.048391e-48
6.304053e+02 1.050220e-48
6.320051e+02 1.052061e-48
6.336089e+02 1.053913e-48
6.352168e+02 1.055778e-48
6.368288e+02 1.057655e-48
6.384449e+02 1.059543e-48
6.400650e+02 1.061444e-48
6.416893e+02 1.063357e-48
6.433177e+02 1.065282e-48
6.449503e+02 1.067220e-48
6.465870e+02 1.069170e-48
6.482278e+02 1.071132e-48
6.498728e+02 1.073107e-48
6.515220e+02 1.075094e-48
6.531754e+02 1.077094e-48
6.548329e+02 1.079107e-48
6.564947e+02 1.081132e-48
6.581607e+02 1.083170e-48
6.598309e+02 1.085221e-48
6.615053e+02 1.087285e-48
6.631840e+02 1.089362e-48
6.648670e+02 1.091452e-48
6.665542e+02 1.093555e-48
6.682457e+02 1.095671e-48
6.699415e+02 1.097801e-48
6.716416e+02 1.099944e-48
6.733461e+02 1.102100e-48
6.750548e+02 1.104269e-48
6.767679e+02 1.106452e-48
6.784853e+02 1.108649e-48
6.802071e+02 1.110860e-48
6.819333e+02 1.113084e-48
6.836638e+02 1.115322e-48
6.853987e+02 1.117574e-48
6.871381e+02 1.119840e-48
6.888818e+02 1.122120e-48
6.906300e+02 1.124415e-48
6.923826e+02 1.126723e-48
6.941396e+02 1.129046e-48
6.959011e+02 1.131384e-48
6.976671e+02 1.133736e-48
6.994376e+02 1.136104e-48
7.012126e+02 1.138486e-48
7.029920e+02 1.140884e-48
7.047760e+02 1.143297e-48
7.065645e+02 1.145725e-48
7.083575e+02 1.148170e-48
7.101551e+02 1.150632e-48
7.119573e+02 1.153111e-48
7.137640e+02 1.155608e-48
7.155753e+02 1.158124e-48
7.173912e+02 1.160660e-48
7.192118e+02 1.163220e-48
7.210369e+02 1.165807e-48
7.228667e+02 1.168427e-48
7.247011e+02 1.171089e-48
7.265402e+02 1.173814e-48
7.283839e+02 1.176638e-48
7.302323e+02 1.179649e-48
7.320854e+02 1.183079e-48
7.339432e+02 1.187765e-48
7.358057e+02 1.198758e-48
7.376730e+02 1.406729e-48
7.395450e+02 1.235406e-48
7.414217e+02 1.201689e-48
7.433032e+02 1.200035e-48
7.451895e+02 1.201448e-48
7.470806e+02 1.203637e-48
7.489764e+02 1.206117e-48
7.508771e+02 1.208737e-48
7.527826e+02 1.211437e-48
7.546929e+02 1.214190e-48
7.566081e+02 1.216981e-48
7.585281e+02 1.219802e-48
7.604531e+02 1.222650e-48
7.623829e+02 1.225521e-48
7.643175e+02 1.228414e-48
7.662571e+02 1.231327e-48
7.682017e+02 1.234260e-48
7.701511e+02 1.237212e-48
7.721055e+02 1.240183e-48
7.740649e+02 1.243173e-48
7.760292e+02 1.246180e-48
7.779986e+02 1.249207e-48
7.799729e+02 1.252251e-48
7.819522e+02 1.255314e-48
7.839366e+02 1.258395e-48
7.859260e+02 1.261494e-48
7.879204e+02 1.264611e-48
7.899199e+02 1.267747e-48
7.919245e+02 1.270901e-48
7.939341e+02 1.274074e-48
7.959489e+02 1.277265e-48
7.979688e+02 1.280475e-48
7.999938e+02 1.283703e-48
8.020239e+02 1.286950e-48
8.040592e+02 1.290216e-48
8.060997e+02 1.293500e-48
8.081453e+02 1.296804e-48
8.101961e+02 1.300126e-48
8.122522e+02 1.303468e-48
8.143134e+02 1.306829e-48
8.163799e+02 1.310209e-48
8.184516e+02 1.313609e-48
8.205286e+02 1.317028e-48
8.226108e+02 1.320467e-48
8.246984e+02 1.323925e-48
8.267912e+02 1.327403e-48
8.288893e+02 1.330901e-48
8.309928e+02 1.334419e-48
8.331016e+02 1.337957e-48
8.352158e+02 1.341515e-48
8.373353e+02 1.345093e-48
8.394602e+02 1.348692e-48
8.415905e+02 1.352311e-48
8.437262e+02 1.355950e-48
8.458673e+02 1.359611e-48
8.480139e+02 1.363292e-48
8.501659e+02 1.366993e-48
8.523233e+02 1.370716e-48
8.544863e+02 1.374460e-48
8.566547e+02 1.378225e-48
8.588286e+02 1.382011e-48
8.610080e+02 1.385818e-48
8.631930e+02 1.389647e-48
8.653835e+02 1.393498e-48
8.675796e+02 1.397370e-48
8.697813e+02 1.401264e-48
8.719885e+02 1.405179e-48
8.742013e+02 1.409117e-48
8.764198e+02 1.413077e-48
8.786439e+02 1.417059e-48
8.808736e+02 1.421063e-48
8.831090e+02 1.425090e-48
8.853501e+02 1.429140e-48
8.875968e+02 1.433211e-48
8.898493e+02 1.437306e-48
8.921074e+02 1.441424e-48
8.943713e+02 1.445564e-48
8.966410e+02 1.449728e-48
8.989164e+02 1.453915e-48
9.011975e+02 1.458125e-48
9.034845e+02 1.462359e-48
9.057773e+02 1.466616e-48
9.080758e+02 1.470897e-48
9.103803e+02 1.475201e-48
9.126905e+02 1.479530e-48
9.150067e+02 1.483883e-48
9.173287e+02 1.488259e-48
9.196566e+02 1.492660e-48
9.219904e+02 1.497086e-48
9.243301e+02 1.501536e-48
9.266758e+02 1.506010e-48
9.290274e+02 1.510509e-48
9.313850e+02 1.515034e-48
9.337485e+02 1.519583e-48
9.361181e+02 1.524157e-48
9.384937e+02 1.528756e-48
9.408753e+02 1.533381e-48
9.432630e+02 1.538032e-48
9.456567e+02 1.542708e-48
9.480565e+02 1.547409e-48
9.504623e+02 1.552137e-48
9.528743e+02 1.556891e-48
9.552924e+02 1.561670e-48
9.577167e+02 1.566476e-48
9.601470e+02 1.571309e-48
9.625836e+02 1.576168e-48
9.650263e+02 1.581053e-48
9.674753e+02 1.585966e-48
9.699304e+02 1.590905e-48
9.723918e+02 1.595872e-48
9.748595e+02 1.600865e-48
9.773334e+02 1.605886e-48
9.798135e+02 1.610935e-48
9.823000e+02 1.616011e-48
9.847928e+02 1.621114e-48
9.872919e+02 1.626246e-48
9.897973e+02 1.631406e-48
9.923091e+02 1.636593e-48
9.948273e+02 1.641810e-48
9.973519e+02 1.647054e-48
9.998828e+02 1.652327e-48
1.002420e+03 1.657629e-48
1.004964e+03 1.662960e-48
1.007514e+03 1.668320e-48
1.010071e+03 1.673709e-48
1.012634e+03 1.679127e-48
1.015204e+03 1.684575e-48
1.017780e+03 1.690052e-48
1.020363e+03 1.695559e-48
1.022953e+03 1.701096e-48
1.025549e+03 1.706663e-48
1.028151e+03 1.712260e-48
1.030760e+03 1.717887e-48
1.033376e+03 1.723545e-48
1.035998e+03 1.729234e-48
1.038627e+03 1.734953e-48
1.041263e+03 1.740704e-48
1.043906e+03 1.746485e-48
1.046555e+03 1.752298e-48
1.049210e+03 1.758142e-48
1.051873e+03 1.764018e-48
1.054542e+03 1.769926e-48
1.057218e+03 1.775865e-48
1.059901e+03 1.781837e-48
1.062591e+03 1.787840e-48
1.065288e+03 1.793876e-48
1.067991e+03 1.799945e-48
1.070701e+03 1.806046e-48
1.073418e+03 1.812181e-48
1.076142e+03 1.818348e-48
1.078873e+03 1.824548e-48
1.081611e+03 1.830782e-48
1.084356e+03 1.837049e-48
1.087108e+03 1.843350e-48
1.089866e+03 1.849685e-48
1.092632e+03 1.856054e-48
1.095405e+03 1.862457e-48
1.098185e+03 1.868895e-48
1.100972e+03 1.875367e-48
1.103765e+03 1.881874e-48
1.106567e+03 1.888416e-48
1.109375e+03 1.894992e-48
1.112190e+03 1.901604e-48
1.115012e+03 1.908252e-48
1.117842e+03 1.914935e-48
1.120679e+03 1.921654e-48
1.123523e+03 1.928409e-48
1.126374e+03 1.935200e-48
1.129232e+03 1.942027e-48
1.132098e+03 1.948891e-48
1.134971e+03 1.955792e-48
1.137851e+03 1.962729e-48
1.140738e+03 1.969703e-48
1.143633e+03 1.976715e-48
1.146535e+03 1.983764e-48
1.149445e+03 1.990851e-48
1.152362e+03 1.997976e-48
1.155286e+03 2.005138e-48
1.158218e+03 2.012339e-48
1.161157e+03 2.019578e-48
1.164104e+03 2.026856e-48
1.167058e+03 2.034173e-48
1.170020e+03 2.041528e-48
1.172989e+03 2.048923e-48
1.175965e+03 2.056357e-48
1.178950e+03 2.063831e-48
1.181942e+03 2.071344e-48
1.184941e+03 2.078897e-48
1.187948e+03 2.086491e-48
1.190963e+03 2.094125e-48
1.193985e+03 2.101799e-48
1.197015e+03 2.109515e-48
1.200053e+03 2.117271e-48
1.203098e+03 2.125068e-48
1.206151e+03 2.132907e-48
1.209212e+03 2.140787e-48
1.212280e+03 2.148710e-48
1.215357e+03 2.156674e-48
1.218441e+03 2.164680e-48
1.221533e+03 2.172729e-48
1.224633e+03 2.180821e-48
1.227741e+03 2.188955e-48
1.230856e+03 2.197133e-48
1.233980e+03 2.205353e-48
1.237111e+03 2.213618e-48
1.240251e+03 2.221926e-48
1.243398e+03 2.230278e-48
1.246553e+03 2.238674e-48
1.249717e+03 2.247115e-48
1.252888e+03 2.255600e-48
1.256068e+03 2.264130e-48
1.259255e+03 2.272705e-48
1.262451e+03 2.281326e-48
1.265654e+03 2.289992e-48
1.268866e+03 2.298704e-48
1.272086e+03 2.307462e-48
1.275314e+03 2.316266e-48
1.278551e+03 2.325116e-48
1.281795e+03 2.334013e-48
1.285048e+03 2.342958e-48
1.288309e+03 2.351949e-48
1.291579e+03 2.360988e-48
1.294856e+03 2.370074e-48
1.298142e+03 2.379209e-48
1.301436e+03 2.388391e-48
1.304739e+03 2.397622e-48
1.308050e+03 2.406901e-48
1.311370e+03 2.416230e-48
1.314697e+03 2.425607e-48
1.318034e+03 2.435034e-48
1.321379e+03 2.444510e-48
1.324732e+03 2.454036e-48
1.328094e+03 2.463613e-48
1.331464e+03 2.473240e-48
1.334843e+03 2.482917e-48
1.338230e+03 2.492645e-48
1.341626e+03 2.502425e-48
1.345031e+03 2.512255e-48
1.348444e+03 2.522138e-48
1.351866e+03 2.532072e-48
1.355297e+03 2.542059e-48
1.358736e+03 2.552098e-48
1.362184e+03 2.562189e-48
1.365641e+03 2.572334e-48
1.369106e+03 2.582532e-48
1.372581e+03 2.592783e-48
1.376064e+03 2.603088e-48
1.379556e+03 2.613448e-48
1.383057e+03 2.623861e-48
1.386567e+03 2.634329e-48
1.390085e+03 2.644853e-48
1.393613e+03 2.655431e-48
1.397149e+03 2.666064e-48
1.400695e+03 2.676754e-48
1.404250e+03 2.687499e-48
1.407813e+03 2.698301e-48
1.411386e+03 2.709159e-48
1.414967e+03 2.720075e-48
1.418558e+03 2.731047e-48
1.422158e+03 2.742077e-48
1.425767e+03 2.753165e-48
1.429385e+03 2.764310e-48
1.433012e+03 2.775515e-48
1.436649e+03 2.786778e-48
1.440295e+03 2.798100e-48
1.443950e+03 2.809482e-48
1.447614e+03 2.820924e-48
1.451288e+03 2.832427e-48
1.454971e+03 2.843992e-48
1.458663e+03 2.855621e-48
1.462365e+03 2.867320e-48
1.466076e+03 2.879101e-48
1.469796e+03 2.891030e-48
1.473526e+03 2.903818e-48
1.477265e+03 2.925245e-48
1.481014e+03 2.927004e-48
1.484772e+03 2.938772e-48
1.488540e+03 2.950821e-48
1.492318e+03 2.962974e-48
1.496105e+03 2.975203e-48
1.499902e+03 2.987501e-48
1.503708e+03 2.999866e-48
1.507524e+03 3.012297e-48
1.511349e+03 3.024794e-48
1.515185e+03 3.037356e-48
1.519030e+03 3.049984e-48
1.522885e+03 3.062678e-48
1.526749e+03 3.075438e-48
1.530624e+03 3.088265e-48
1.534508e+03 3.101159e-48
1.538402e+03 3.114120e-48
1.542306e+03 3.127149e-48
1.546220e+03 3.140246e-48
1.550144e+03 3.153411e-48
1.554078e+03 3.166644e-48
1.558021e+03 3.179946e-48
1.561975e+03 3.193318e-48
1.565939e+03 3.206759e-48
1.569913e+03 3.220270e-48
1.573897e+03 3.233851e-48
1.577891e+03 3.247503e-48
1.581895e+03 3.261226e-48
1.585909e+03 3.275021e-48
1.589934e+03 3.288887e-48
1.593969e+03 3.302825e-48
1.598014e+03 3.316836e-48
1.602069e+03 3.330919e-48
1.606135e+03 3.345076e-48
1.610210e+03 3.359306e-48
1.614297e+03 3.373611e-48
1.618393e+03 3.387989e-48
1.622500e+03 3.402442e-48
1.626618e+03 3.416971e-48
1.630746e+03 3.431574e-48
1.634884e+03 3.446254e-48
1.639033e+03 3.461010e-48
1.643192e+03 3.475842e-48
1.647362e+03 3.490752e-48
1.651542e+03 3.505738e-48
1.655734e+03 3.520803e-48
1.659935e+03 3.535946e-48
1.664148e+03 3.551167e-48
1.668371e+03 3.566467e-48
1.672605e+03 3.581847e-48
1.676849e+03 3.597306e-48
1.681105e+03 3.612846e-48
1.685371e+03 3.628466e-48
1.689648e+03 3.644167e-48
1.693935e+03 3.659950e-48
1.698234e+03 3.675814e-48
1.702544e+03 3.691761e-48
1.706864e+03 3.707790e-48
1.711196e+03 3.723903e-48
1.715538e+03 3.740099e-48
1.719892e+03 3.756378e-48
1.724256e+03 3.772742e-48
1.728632e+03 3.789191e-48
1.733019e+03 3.805725e-48
1.737417e+03 3.822345e-48
1.741826e+03 3.839051e-48
1.746246e+03 3.855843e-48
1.750677e+03 3.872722e-48
1.755120e+03 3.889689e-48
1.759574e+03 3.906744e-48
1.764039e+03 3.923886e-48
1.768516e+03 3.941118e-48
1.773004e+03 3.958438e-48
1.777503e+03 3.975849e-48
1.782014e+03 3.993349e-48
1.786536e+03 4.010940e-48
1.791070e+03 4.028622e-48
1.795615e+03 4.046395e-48
1.800172e+03 4.064261e-48
1.804740e+03 4.082218e-48
1.809320e+03 4.100269e-48
1.813911e+03 4.118413e-48
1.818514e+03 4.136651e-48
1.823129e+03 4.154983e-48
1.827756e+03 4.173409e-48
1.832394e+03 4.191932e-48
1.837044e+03 4.210549e-48
1.841706e+03 4.229263e-48
1.846380e+03 4.248074e-48
1.851065e+03 4.266982e-48
1.855763e+03 4.285988e-48
1.860472e+03 4.305092e-48
1.865193e+03 4.324294e-48
1.869927e+03 4.343596e-48
1.874672e+03 4.362997e-48
1.879429e+03 4.382499e-48
1.884199e+03 4.402101e-48
1.888980e+03 4.421805e-48
1.893774e+03 4.441610e-48
1.898580e+03 4.461518e-48
1.903398e+03 4.481528e-48
1.908228e+03 4.501642e-48
1.913070e+03 4.521860e-48
1.917925e+03 4.542182e-48
1.922792e+03 4.562609e-48
1.927672e+03 4.583141e-48
1.932564e+03 4.603779e-48
1.937468e+03 4.624524e-48
1.942384e+03 4.645375e-48
1.947314e+03 4.666335e-48
1.952255e+03 4.687402e-48
1.957210e+03 4.708578e-48
1.962176e+03 4.729864e-48
1.967156e+03 4.751259e-48
1.972148e+03 4.772765e-48
1.977152e+03 4.794381e-48
1.982170e+03 4.816109e-48
1.987200e+03 4.837949e-48
1.992243e+03 4.859902e-48
1.997299e+03 4.881968e-48
2.002367e+03 4.904147e-48
2.007449e+03 4.926441e-48
2.012543e+03 4.948850e-48
2.017650e+03 4.971374e-48
2.022770e+03 4.994015e-48
2.027903e+03 5.016772e-48
2.033050e+03 5.039646e-48
2.038209e+03 5.062639e-48
2.043381e+03 5.085750e-48
2.048567e+03 5.108980e-48
2.053765e+03 5.132329e-48
2.058977e+03 5.155799e-48
2.064202e+03 5.179390e-48
2.069441e+03 5.203102e-48
2.074692e+03 5.226937e-48
2.079957e+03 5.250894e-48
2.085235e+03 5.274975e-48
2.090527e+03 5.299180e-48
2.095832e+03 5.323509e-48
2.101151e+03 5.347964e-48
2.106483e+03 5.372544e-48
2.111828e+03 5.397251e-48
2.117188e+03 5.422086e-48
2.122560e+03 5.447048e-48
2.127947e+03 5.472139e-48
2.133347e+03 5.497359e-48
2.138761e+03 5.522709e-48
2.144188e+03 5.548189e-48
2.149629e+03 5.573801e-48
2.155085e+03 5.599544e-48
2.160554e+03 5.625420e-48
2.166036e+03 5.651429e-48
2.171533e+03 5.677572e-48
2.177044e+03 5.703850e-48
2.182568e+03 5.730263e-48
2.188107e+03 5.756813e-48
2.193660e+03 5.783500e-48
2.199227e+03 5.810328e-48
2.204808e+03 5.837307e-48
2.210403e+03 5.864562e-48
2.216012e+03 5.892344e-48
2.221636e+03 5.919037e-48
2.227273e+03 5.946526e-48
2.232926e+03 5.974180e-48
2.238592e+03 6.001980e-48
2.244273e+03 6.029924e-48
2.249968e+03 6.058014e-48
2.255678e+03 6.086247e-48
2.261402e+03 6.114627e-48
2.267141e+03 6.143152e-48
2.272894e+03 6.171824e-48
2.278662e+03 6.200643e-48
2.284445e+03 6.229611e-48
2.290242e+03 6.258727e-48
2.296054e+03 6.287994e-48
2.301881e+03 6.317410e-48
2.307722e+03 6.346978e-48
2.313578e+03 6.376698e-48
2.319449e+03 6.406571e-48
2.325336e+03 6.436597e-48
2.331236e+03 6.466778e-48
2.337152e+03 6.497114e-48
2.343083e+03 6.527605e-48
2.349029e+03 6.558254e-48
2.354991e+03 6.589060e-48
2.360967e+03 6.620024e-48
2.366958e+03 6.651147e-48
2.372965e+03 6.682430e-48
2.378987e+03 6.713874e-48
2.385024e+03 6.745480e-48
2.391076e+03 6.777248e-48
2.397144e+03 6.809179e-48
2.403227e+03 6.841274e-48
2.409326e+03 6.873534e-48
2.415440e+03 6.905960e-48
2.421570e+03 6.938552e-48
2.427715e+03 6.971312e-48
2.433876e+03 7.004240e-48
2.440052e+03 7.037337e-48
2.446244e+03 7.070604e-48
2.452452e+03 7.104042e-48
2.458676e+03 7.137651e-48
2.464915e+03 7.171434e-48
2.471170e+03 7.205389e-48
2.477441e+03 7.239520e-48
2.483728e+03 7.273825e-48
2.490031e+03 7.308307e-48
2.496350e+03 7.342965e-48
2.502685e+03 7.377802e-48
2.509036e+03 7.412817e-48
2.515403e+03 7.448013e-48
2.521787e+03 7.483388e-48
2.528186e+03 7.518946e-48
2.534602e+03 7.554686e-48
2.541034e+03 7.590610e-48
2.547482e+03 7.626718e-48
2.553947e+03 7.663011e-48
2.560428e+03 7.699491e-48
2.566926e+03 7.736158e-48
2.573440e+03 7.773013e-48
2.579971e+03 7.810057e-48
2.586518e+03 7.847292e-48
2.593081e+03 7.884717e-48
2.599662e+03 7.922335e-48
2.606259e+03 7.960146e-48
2.612873e+03 7.998150e-48
2.619504e+03 8.036350e-48
2.626151e+03 8.074746e-48
2.632815e+03 8.113339e-48
2.639497e+03 8.152130e-48
2.646195e+03 8.191120e-48
2.652910e+03 8.230310e-48
2.659643e+03 8.269701e-48
2.666392e+03 8.309294e-48
2.673158e+03 8.349091e-48
2.679942e+03 8.389091e-48
2.686743e+03 8.429297e-48
2.693561e+03 8.469709e-48
2.700396e+03 8.510329e-48
2.707249e+03 8.551157e-48
2.714119e+03 8.592194e-48
2.721007e+03 8.633442e-48
2.727912e+03 8.674901e-48
2.734835e+03 8.716573e-48
2.741775e+03 8.758459e-48
2.748733e+03 8.800560e-48
2.755708e+03 8.842877e-48
2.762701e+03 8.885411e-48
2.769712e+03 8.928163e-48
2.776741e+03 8.971134e-48
2.783787e+03 9.014326e-48
2.790852e+03 9.057739e-48
2.797934e+03 9.101375e-48
2.805034e+03 9.145235e-48
2.812153e+03 9.189320e-48
2.819289e+03 9.233630e-48
2.826444e+03 9.278169e-48
2.833616e+03 9.322935e-48
2.840807e+03 9.367931e-48
2.848016e+03 9.413158e-48
2.855243e+03 9.458617e-48
2.862489e+03 9.504309e-48
2.869753e+03 9.550235e-48
2.877036e+03 9.596397e-48
2.884337e+03 9.642795e-48
2.891657e+03 9.689432e-48
2.898995e+03 9.736308e-48
2.906351e+03 9.783424e-48
2.913727e+03 9.830781e-48
2.921121e+03 9.878382e-48
2.928534e+03 9.926228e-48
2.935966e+03 9.974320e-48
2.943416e+03 1.002267e-47
2.950886e+03 1.007415e-47
2.958374e+03 1.012009e-47
2.965882e+03 1.016916e-47
2.973408e+03 1.021849e-47
2.980954e+03 1.026808e-47
2.988518e+03 1.031792e-47
2.996102e+03 1.036802e-47
3.003706e+03 1.041837e-47
3.011328e+03 1.046899e-47
3.018970e+03 1.051986e-47
3.026631e+03 1.057099e-47
3.034312e+03 1.062239e-47
3.042012e+03 1.067405e-47
3.049732e+03 1.072597e-47
3.057471e+03 1.077816e-47
3.065230e+03 1.083062e-47
3.073008e+03 1.088334e-47
3.080807e+03 1.093634e-47
3.088625e+03 1.098961e-47
3.096463e+03 1.104315e-47
3.104321e+03 1.109697e-47
3.112199e+03 1.115106e-47
3.120096e+03 1.120543e-47
3.128014e+03 1.126008e-47
3.135952e+03 1.131501e-47
3.143910e+03 1.137022e-47
3.151889e+03 1.142571e-47
3.159887e+03 1.148149e-47
3.167906e+03 1.153755e-47
3.175945e+03 1.159390e-47
3.184005e+03 1.165054e-47
3.192085e+03 1.170747e-47
3.200185e+03 1.176469e-47
3.208306e+03 1.182221e-47
3.216448e+03 1.188002e-47
3.224610e+03 1.193812e-47
3.232793e+03 1.199653e-47
3.240997e+03 1.205523e-47
3.249222e+03 1.211423e-47
3.257467e+03 1.217354e-47
3.265734e+03 1.223315e-47
3.274021e+03 1.229307e-47
3.282330e+03 1.235329e-47
3.290659e+03 1.241382e-47
3.299010e+03 1.247466e-47
3.307382e+03 1.253582e-47
3.315775e+03 1.259729e-47
3.324189e+03 1.265907e-47
3.332625e+03 1.272117e-47
3.341082e+03 1.278359e-47
3.349561e+03 1.284632e-47
3.358061e+03 1.290938e-47
3.366583e+03 1.297276e-47
3.375126e+03 1.303647e-47
3.383691e+03 1.310051e-47
3.392278e+03 1.316487e-47
3.400887e+03 1.322956e-47
3.409517e+03 1.329458e-47
3.418169e+03 1.335994e-47
3.426844e+03 1.342563e-47
3.435540e+03 1.349166e-47
3.444258e+03 1.355803e-47
3.452999e+03 1.362473e-47
3.461761e+03 1.369178e-47
3.470546e+03 1.375918e-47
3.479353e+03 1.382691e-47
3.488183e+03 1.389500e-47
3.497035e+03 1.396343e-47
3.505909e+03 1.403222e-47
3.514806e+03 1.410136e-47
3.523726e+03 1.417085e-47
3.532668e+03 1.424070e-47
3.541633e+03 1.431090e-47
3.550620e+03 1.438147e-47
3.559631e+03 1.445240e-47
3.568664e+03 1.452369e-47
3.577720e+03 1.459535e-47
3.586799e+03 1.466737e-47
3.595901e+03 1.473977e-47
3.605027e+03 1.481253e-47
3.614175e+03 1.488567e-47
3.623347e+03 1.495918e-47
3.632542e+03 1.503307e-47
3.641760e+03 1.510734e-47
3.651002e+03 1.518199e-47
3.660267e+03 1.525702e-47
3.669556e+03 1.533244e-47
3.678868e+03 1.540824e-47
3.688204e+03 1.555287e-47
3.697563e+03 1.556102e-47
3.706946e+03 1.563799e-47
3.716353e+03 1.571536e-47
3.725784e+03 1.579312e-47
3.735239e+03 1.587129e-47
3.744718e+03 1.594985e-47
3.754221e+03 1.602882e-47
3.763748e+03 1.610819e-47
3.773299e+03 1.618797e-47
3.782875e+03 1.626816e-47
3.792475e+03 1.634876e-47
3.802099e+03 1.642977e-47
3.811747e+03 1.651120e-47
3.821420e+03 1.659305e-47
3.831118e+03 1.667531e-47
3.840840e+03 1.675800e-47
3.850587e+03 1.684111e-47
3.860359e+03 1.692465e-47
3.870155e+03 1.700862e-47
3.879976e+03 1.709301e-47
3.889823e+03 1.717784e-47
3.899694e+03 1.726311e-47
3.909590e+03 1.734881e-47
3.919511e+03 1.743495e-47
3.929458e+03 1.752153e-47
3.939430e+03 1.760856e-47
3.949427e+03 1.769603e-47
3.959449e+03 1.778395e-47
3.969497e+03 1.787233e-47
3.979570e+03 1.796115e-47
3.989669e+03 1.805043e-47
3.999794e+03 1.814017e-47
4.009944e+03 1.823037e-47
4.020120e+03 1.832103e-47
4.030322e+03 1.841216e-47
4.040550e+03 1.850375e-47
4.050803e+03 1.859582e-47
4.061083e+03 1.868835e-47
4.071389e+03 1.878136e-47
4.081721e+03 1.887485e-47
4.092079e+03 1.896882e-47
4.102463e+03 1.906327e-47
4.112874e+03 1.915820e-47
4.123311e+03 1.925362e-47
4.133775e+03 1.934953e-47
4.144265e+03 1.944593e-47
4.154782e+03 1.954283e-47
4.165326e+03 1.964022e-47
4.175896e+03 1.973811e-47
4.186493e+03 1.983651e-47
4.197117e+03 1.993541e-47
4.207768e+03 2.003482e-47
4.218446e+03 2.013473e-47
4.229151e+03 2.023516e-47
4.239884e+03 2.033611e-47
4.250643e+03 2.043757e-47
4.261430e+03 2.053956e-47
4.272244e+03 2.064206e-47
4.283086e+03 2.074510e-47
4.293955e+03 2.084866e-47
4.304852e+03 2.095275e-47
4.315776e+03 2.105738e-47
4.326728e+03 2.116254e-47
4.337708e+03 2.126824e-47
4.348716e+03 2.137449e-47
4.359752e+03 2.148128e-47
4.370815e+03 2.158862e-47
4.381907e+03 2.169651e-47
4.393027e+03 2.180495e-47
4.404175e+03 2.191396e-47
4.415352e+03 2.202352e-47
4.426557e+03 2.213370e-47
4.437790e+03 2.224433e-47
4.449052e+03 2.235558e-47
4.460342e+03 2.246741e-47
4.471661e+03 2.257981e-47
4.483009e+03 2.269278e-47
4.494385e+03 2.280634e-47
4.505790e+03 2.292048e-47
4.517225e+03 2.303521e-47
4.528688e+03 2.315052e-47
4.540181e+03 2.326643e-47
4.551702e+03 2.338293e-47
4.563253e+03 2.350003e-47
4.574833e+03 2.361773e-47
4.586443e+03 2.373604e-47
4.598082e+03 2.385495e-47
4.609750e+03 2.397448e-47
4.621448e+03 2.409461e-47
4.633176e+03 2.421537e-47
4.644934e+03 2.433674e-47
4.656721e+03 2.445874e-47
4.668538e+03 2.458137e-47
4.680386e+03 2.470462e-47
4.692263e+03 2.482851e-47
4.704171e+03 2.495303e-47
4.716108e+03 2.507819e-47
4.728076e+03 2.520400e-47
4.740075e+03 2.533045e-47
4.752104e+03 2.545755e-47
4.764163e+03 2.558531e-47
4.776253e+03 2.571372e-47
4.788374e+03 2.584279e-47
4.800525e+03 2.597252e-47
4.812707e+03 2.610292e-47
4.824921e+03 2.623399e-47
4.837165e+03 2.636574e-47
4.849440e+03 2.649816e-47
4.861746e+03 2.663126e-47
4.874084e+03 2.676504e-47
4.886453e+03 2.689951e-47
4.898853e+03 2.703468e-47
4.911285e+03 2.717053e-47
4.923748e+03 2.730709e-47
4.936243e+03 2.744435e-47
4.948770e+03 2.758231e-47
4.961328e+03 2.772098e-47
4.973919e+03 2.786037e-47
4.986541e+03 2.800047e-47
4.999195e+03 2.814129e-47
5.011882e+03 2.828283e-47
5.024600e+03 2.842511e-47
5.037351e+03 2.856811e-47
5.050135e+03 2.871185e-47
5.062950e+03 2.885633e-47
5.075799e+03 2.900155e-47
5.088679e+03 2.914752e-47
5.101593e+03 2.929423e-47
5.114539e+03 2.944171e-47
5.127518e+03 2.958994e-47
5.140530e+03 2.973893e-47
5.153575e+03 2.988870e-47
5.166654e+03 3.003922e-47
5.179765e+03 3.019053e-47
5.192910e+03 3.034261e-47
5.206088e+03 3.049547e-47
5.219299e+03 3.064912e-47
5.232544e+03 3.080356e-47
5.245823e+03 3.095880e-47
5.259135e+03 3.111483e-47
5.272481e+03 3.127167e-47
5.285861e+03 3.142931e-47
5.299275e+03 3.158777e-47
5.312723e+03 3.174704e-47
5.326205e+03 3.190713e-47
5.339721e+03 3.206804e-47
5.353272e+03 3.222978e-47
5.366857e+03 3.239235e-47
5.380476e+03 3.255576e-47
5.394130e+03 3.272002e-47
5.407819e+03 3.288511e-47
5.421542e+03 3.305106e-47
5.435300e+03 3.321786e-47
5.449094e+03 3.338552e-47
5.462922e+03 3.355404e-47
5.476785e+03 3.372343e-47
5.490683e+03 3.389369e-47
5.504617e+03 3.406483e-47
5.518586e+03 3.423685e-47
5.532590e+03 3.440976e-47
5.546630e+03 3.458355e-47
5.560706e+03 3.475825e-47
5.574817e+03 3.493384e-47
5.588965e+03 3.511033e-47
5.603148e+03 3.528774e-47
5.617367e+03 3.546605e-47
5.631622e+03 3.564529e-47
5.645913e+03 3.582545e-47
5.660241e+03 3.600654e-47
5.674605e+03 3.618856e-47
5.689005e+03 3.637152e-47
5.703442e+03 3.655542e-47
5.717916e+03 3.674027e-47
5.732426e+03 3.692607e-47
5.746973e+03 3.711283e-47
5.761557e+03 3.730055e-47
5.776178e+03 3.748924e-47
5.790837e+03 3.767890e-47
5.805532e+03 3.786954e-47
5.820265e+03 3.806116e-47
5.835035e+03 3.825377e-47
5.849842e+03 3.844737e-47
5.864687e+03 3.864197e-47
5.879570e+03 3.883757e-47
5.894491e+03 3.903612e-47
5.909449e+03 3.923181e-47
5.924445e+03 3.943046e-47
5.939480e+03 3.963013e-47
5.954552e+03 3.983083e-47
5.969663e+03 4.003256e-47
5.984812e+03 4.023534e-47
6.000000e+03 4.043916e-47
